1418049240,113.7500,114.1600,113.1300,114.1000,3113200
1418049599,113.9000,114.0400,113.6220,113.7600,1041400
1418049899,114.0800,114.3400,113.9100,113.9200,933000
1418050199,114.2899,114.4500,114.0500,114.0800,758300
1418050499,114.4500,114.4900,114.2500,114.2900,571500
1418050799,114.2510,114.6480,114.2500,114.4600,849400
1418051099,114.1700,114.4800,114.0000,114.3100,765400
1418051341,113.9860,114.1800,113.8100,114.1740,598300
1418051699,113.9400,114.0600,113.8000,113.9843,548800
1418051999,114.0751,114.0900,113.8900,113.9300,469400
1418052299,114.1143,114.2000,114.0500,114.0700,492500
1418052599,114.1057,114.2200,114.0400,114.1100,544200
1418052899,114.1700,114.3290,114.0300,114.1100,597600
1418053140,114.1500,114.2172,114.1100,114.1600,259200
1418053499,114.2300,114.2500,114.0500,114.1560,562700
1418053740,114.1301,114.2500,114.1000,114.2400,242100
1418054040,113.9500,114.1400,113.9250,114.1400,420600
1418054399,113.8560,113.9600,113.7600,113.9500,522100
1418054640,113.7150,113.8510,113.7100,113.8510,459300
1418054940,113.5966,113.7757,113.5701,113.7200,643900
1418055299,113.5300,113.6100,113.4700,113.5994,838300
1418055540,113.5300,113.6800,113.4850,113.5372,557800
1418055899,113.4400,113.5600,113.4000,113.5299,525500
1418056140,113.2800,113.4750,113.2600,113.4500,695400
1418056441,113.4034,113.5200,113.2800,113.2800,563900
1418056799,113.4101,113.5000,113.3800,113.4000,546000
1418057099,113.5799,113.5900,113.3980,113.4101,571600
1418057399,113.6100,113.6600,113.5300,113.5750,513500
1418057640,113.7200,113.7200,113.4600,113.6101,531400
1418057999,113.6800,113.7700,113.6050,113.7200,450600
1418058240,113.7299,113.8200,113.6300,113.6800,500900
1418058540,113.6939,113.7500,113.6737,113.7255,243400
1418058840,113.4000,113.7100,113.4000,113.6999,355900
1418059199,112.7200,113.4001,112.4800,113.4000,2286800
1418059440,112.4843,112.7546,112.2700,112.7100,1674300
1418059799,112.4400,112.7400,112.3800,112.4900,895700
1418060099,112.2932,112.4900,112.2600,112.4400,934300
1418060399,112.4900,112.5500,112.2800,112.3000,885700
1418060699,112.6100,112.6800,112.4400,112.4900,923900
1418060940,112.6800,112.7990,112.5850,112.6099,508300
1418061241,112.5100,112.7000,112.5000,112.6799,605300
1418061599,112.2090,112.5150,112.0200,112.5100,1127800
1418061840,112.3400,112.3800,112.1400,112.2100,708200
1418062199,112.6900,112.6900,112.2900,112.3600,453800
1418062440,112.7500,112.8200,112.6400,112.6800,685300
1418062799,112.6532,112.7800,112.5600,112.7457,436300
1418063099,112.3801,112.6800,112.3801,112.6500,447300
1418063398,112.3100,112.5000,112.1400,112.3900,617600
1418063699,112.0600,112.3590,111.9100,112.3200,1286200
1418063999,111.9901,112.1100,111.7300,112.0700,1259300
1418064240,111.9899,112.0000,111.8600,111.9960,514800
1418064599,112.0290,112.1500,111.9000,111.9800,539000
1418064840,112.1801,112.2400,111.9700,112.0300,393800
1418065199,111.9100,112.1900,111.8700,112.1850,656000
1418065440,111.8168,112.0699,111.7000,111.9100,716200
1418065740,111.9800,112.0000,111.6200,111.8100,971400
1418066040,111.9600,112.0700,111.8300,111.9700,699000
1418066340,112.0840,112.1300,111.8500,111.9600,469900
1418066640,112.4400,112.4600,112.0200,112.0900,593000
1418066940,112.2999,112.4500,112.1700,112.4450,484300
1418067240,112.3250,112.3800,112.1800,112.2994,394500
1418067599,112.3400,112.3900,112.2100,112.3200,485800
1418067899,112.5310,112.6000,112.3300,112.3300,577500
1418068140,112.5757,112.6300,112.4400,112.5350,458300
1418068440,112.5400,112.5900,112.4200,112.5700,394200
1418068799,112.5100,112.6400,112.5000,112.5500,492100
1418069099,112.5000,112.5800,112.4000,112.5100,418000
1418069399,112.3450,112.4950,112.3257,112.4900,338500
1418069640,112.4100,112.4300,112.3100,112.3445,238200
1418069940,112.4300,112.5841,112.4000,112.4100,436100
1418070240,112.2647,112.4800,112.2600,112.4390,539800
1418070541,112.2800,112.4200,112.2700,112.2700,334200
1418070840,112.1599,112.3299,112.1300,112.2800,476200
1418071199,112.1660,112.2500,112.0800,112.1599,482400
1418071498,112.2600,112.3700,112.1000,112.1643,504500
1418071740,112.2311,112.3200,112.1700,112.2600,584700
1418072096,112.3332,112.3600,112.1500,112.2300,921600
1418072399,112.4500,112.4800,112.3065,112.3100,1829400
1418072400,112.4200,112.4200,112.4200,112.4200,11300
1418135699,110.3900,110.4100,109.5800,110.1900,0
1418135999,110.5900,110.6000,109.7000,110.3500,1981600
1418136299,110.9550,110.9600,110.4000,110.5840,1524300
1418136599,111.4201,111.4500,110.6830,110.9500,1506700
1418136899,110.8404,111.5000,110.7700,111.4450,1843000
1418137199,111.3000,111.3600,110.7900,110.8500,969900
1418137441,111.4200,111.6000,111.2800,111.3500,906000
1418137799,111.4300,111.6000,111.2700,111.4299,739700
1418138099,111.0300,111.4700,110.8800,111.4300,941400
1418138399,111.1690,111.1700,110.9500,111.0300,765600
1418138699,110.9700,111.2000,110.9200,111.1600,582000
1418138940,110.5500,110.9700,110.5100,110.9700,989000
1418139299,110.4128,110.7400,110.2700,110.5500,1031400
1418139599,110.5540,110.7700,110.3300,110.4100,943800
1418139899,111.0510,111.1500,110.5560,110.5590,753500
1418140199,111.2400,111.2800,110.8700,111.0500,685600
1418140440,111.4690,111.5500,111.1900,111.2236,730400
1418140799,111.1300,111.5000,111.1000,111.4850,582300
1418141099,111.3100,111.4800,111.1300,111.1300,412900
1418141399,111.3600,111.7500,111.2502,111.3100,700800
1418141699,111.2901,111.4400,111.2500,111.3600,378700
1418141997,111.7250,111.8000,111.3000,111.3000,451400
1418142299,111.9100,111.9400,111.6600,111.7500,769900
1418142540,111.9100,112.0100,111.8100,111.9100,888100
1418142899,111.6780,111.9500,111.6400,111.9100,492900
1418143140,111.5768,111.8100,111.4900,111.6757,541500
1418143440,111.7560,111.8100,111.5500,111.5800,392400
1418143799,111.6510,111.7500,111.4300,111.7500,440800
1418144099,111.6499,111.7000,111.4580,111.6599,332800
1418144341,111.7000,111.7500,111.5900,111.6500,343500
1418144640,111.7450,111.8000,111.6100,111.7000,582700
1418144940,112.0001,112.1900,111.6700,111.7300,897600
1418145240,111.9900,112.0800,111.8668,112.0000,366600
1418145540,111.7900,112.0000,111.6900,111.9900,387100
1418145842,111.7900,111.8450,111.6800,111.7843,344900
1418146199,112.0150,112.0500,111.7700,111.7950,347300
1418146499,112.0000,112.0450,111.8700,112.0100,509200
1418146799,112.5400,112.5400,112.0000,112.0060,605700
1418147040,112.6300,112.7000,112.4700,112.5300,652000
1418147340,112.5300,112.6500,112.4472,112.6217,465500
1418147699,112.5800,112.6400,112.4000,112.5301,440700
1418147999,112.8000,112.8400,112.5100,112.5800,537000
1418148240,113.0300,113.0400,112.6800,112.8000,725100
1418148540,113.2440,113.2800,112.9300,113.0201,927700
1418148899,113.2000,113.3499,113.1400,113.2500,819000
1418149140,113.1300,113.3300,113.1175,113.2000,522400
1418149441,113.3050,113.3300,113.1000,113.1200,528600
1418149799,113.2000,113.3751,113.1800,113.3049,352300
1418150099,113.5300,113.5500,113.2000,113.2000,679900
1418150399,113.5999,113.6200,113.4000,113.5300,700700
1418150699,113.4000,113.6600,113.3700,113.6000,444600
1418150999,113.3800,113.4900,113.3110,113.4100,406700
1418151299,113.3800,113.4100,113.2400,113.3700,705500
1418151540,113.4401,113.4800,113.2750,113.3800,319500
1418151899,113.2886,113.4800,113.2600,113.4400,297000
1418152141,113.4499,113.4700,113.2700,113.2900,316300
1418152442,113.3100,113.5000,113.2600,113.4450,260500
1418152798,113.2900,113.4000,113.2300,113.3200,312500
1418153099,113.2599,113.3890,113.2100,113.2950,268800
1418153340,113.2900,113.3000,113.1500,113.2599,319400
1418153699,113.0300,113.3000,113.0200,113.2700,927600
1418153999,113.0750,113.0899,112.9012,113.0300,600100
1418154299,113.1000,113.1200,112.9600,113.0750,244700
1418154540,112.9900,113.1200,112.9550,113.0800,248300
1418154899,112.9400,113.0500,112.8300,113.0000,271800
1418155140,113.1310,113.1400,112.9345,112.9443,300600
1418155440,113.4100,113.5000,113.1050,113.1400,590500
1418155740,113.5100,113.5700,113.3901,113.4120,420900
1418156040,113.4900,113.6000,113.4000,113.5190,359900
1418156340,113.7340,113.7500,113.4900,113.5000,475300
1418156699,113.6190,113.7800,113.5300,113.7500,404800
1418156940,113.6500,113.8400,113.5510,113.6200,435200
1418157240,113.6600,113.7700,113.6400,113.6400,373300
1418157540,113.7450,113.8200,113.6500,113.6600,537900
1418157840,114.0100,114.0300,113.7100,113.7400,777400
1418158199,114.1732,114.1900,113.9353,113.9900,889900
1418158440,114.2500,114.2800,113.9800,114.1700,1199700
1418158740,114.1300,114.3000,114.1100,114.2500,3831900
1418158800,114.1200,114.1200,114.1200,114.1200,1941500
1418222099,114.7000,114.8500,114.1200,114.3900,0
1418222340,114.3800,114.7000,114.2200,114.7000,1210800
1418222699,113.9100,114.5700,113.7100,114.3800,1488300
1418222940,113.6700,114.0000,113.5500,113.9100,984800
1418223299,113.4000,113.7900,113.2400,113.6600,943800
1418223599,113.5532,113.6000,113.1200,113.4000,947900
1418223840,113.3350,113.6000,113.2800,113.5600,556600
1418224140,113.3600,113.6700,113.2800,113.3500,677300
1418224440,113.6200,113.7800,113.2500,113.3600,717000
1418224740,113.6300,113.7500,113.5200,113.6200,421100
1418225099,113.3600,113.6768,113.3600,113.6200,450500
1418225399,113.0700,113.3890,113.0600,113.3700,664400
1418225640,112.9300,113.1700,112.7600,113.0700,1156600
1418225999,113.0600,113.1550,112.8400,112.9500,545400
1418226299,113.1904,113.2500,113.0200,113.0640,656700
1418226599,113.2050,113.3300,113.1501,113.1900,492200
1418226899,113.3300,113.3300,113.0700,113.2099,409900
1418227199,113.6700,113.7400,113.3100,113.3200,731300
1418227440,113.6050,113.6800,113.4500,113.6800,406500
1418227740,113.5000,113.6100,113.3600,113.6100,409200
1418228097,113.6100,113.6700,113.4000,113.5000,265000
1418228343,113.4200,113.6088,113.3300,113.6088,296300
1418228699,113.5960,113.5960,113.3600,113.4100,226800
1418228941,113.5600,113.7100,113.4800,113.5940,346200
1418229299,113.4300,113.6000,113.3500,113.5500,274200
1418229599,113.3850,113.5000,113.2400,113.4350,328500
1418229840,113.3401,113.4800,113.3300,113.3800,202100
1418230142,113.5500,113.5700,113.2400,113.3300,263800
1418230499,113.7140,113.7500,113.5300,113.5600,421200
1418230799,113.6100,113.7201,113.5401,113.7100,227100
1418231040,113.4900,113.6100,113.4400,113.6100,256000
1418231399,113.4050,113.5550,113.3500,113.4750,224700
1418231640,113.4000,113.4500,113.2800,113.4050,227800
1418231940,113.1190,113.4200,113.0600,113.4100,366000
1418232240,113.2100,113.2900,113.0700,113.1200,268300
1418232599,113.1700,113.2500,113.1200,113.2032,341900
1418232840,113.2400,113.3300,113.1500,113.1700,242500
1418233199,113.2000,113.3400,113.1600,113.2400,187600
1418233441,113.1950,113.2100,113.0800,113.1900,295500
1418233740,113.1750,113.2500,113.0850,113.1900,202100
1418234099,113.0800,113.2700,113.0800,113.1501,222800
1418234399,113.0390,113.1800,113.0100,113.0900,248900
1418234640,113.0200,113.0800,112.9510,113.0350,493100
1418234999,113.0099,113.0750,112.9200,113.0200,394000
1418235240,113.2800,113.3700,112.9600,113.0050,403000
1418235541,113.2500,113.3490,113.1900,113.2900,453100
1418235898,113.3400,113.3500,113.2000,113.2700,226500
1418236198,113.4401,113.4750,113.2800,113.3450,296800
1418236498,113.1810,113.4800,113.1100,113.4400,388000
1418236740,113.1500,113.2400,113.0700,113.1700,206700
1418237041,113.2099,113.2301,113.0468,113.1500,252600
1418237399,112.7600,113.2000,112.7300,113.2000,538600
1418237699,112.6900,112.9050,112.6800,112.7500,434600
1418237940,112.5300,112.7600,112.5100,112.7000,540200
1418238299,112.5800,112.6400,112.3300,112.5400,634100
1418238544,112.5500,112.7200,112.4700,112.5750,354900
1418238841,112.3100,112.6000,112.3000,112.5500,411700
1418239142,112.5400,112.5700,112.2700,112.3000,339100
1418239440,112.0200,112.5350,112.0100,112.5350,692300
1418239799,112.1700,112.3300,112.0200,112.0200,412200
1418240040,112.1700,112.2700,111.9700,112.1700,878000
1418240399,111.9500,112.1700,111.8401,112.1700,581200
1418240699,112.1180,112.1310,111.8899,111.9500,465700
1418240999,112.2000,112.3500,112.0547,112.1200,617700
1418241240,112.1200,112.3400,112.0600,112.2000,363200
1418241599,111.8100,112.1500,111.8000,112.1000,653700
1418241840,111.7000,112.0400,111.6200,111.8200,668300
1418242140,112.0550,112.0800,111.5400,111.6900,672900
1418242499,112.0572,112.1300,112.0000,112.0300,424000
1418242740,112.1700,112.2500,111.9300,112.0500,539900
1418243040,112.1400,112.2250,112.0600,112.1500,421100
1418243399,112.3550,112.3750,112.1100,112.1200,511900
1418243699,112.5000,112.5001,112.2100,112.3700,607900
1418243999,112.1500,112.5050,112.1300,112.5000,639500
1418244240,111.8790,112.2400,111.7901,112.1650,867100
1418244540,111.5800,111.9000,111.5400,111.8772,879700
1418244899,111.9399,111.9400,111.5600,111.5700,1181100
1418245140,111.9600,112.1700,111.7800,111.9301,4327100
1418245200,111.9500,111.9500,111.9500,111.9500,0
1418308498,112.2574,112.5000,112.1300,112.2600,0
1418308740,112.6940,112.7500,112.1500,112.2580,1138100
1418309099,112.9100,113.1900,112.6700,112.7000,1143400
1418309399,112.8500,113.0500,112.7600,112.9100,784900
1418309640,112.8900,112.9900,112.7350,112.8570,741900
1418309999,112.9098,113.0400,112.8200,112.9100,607100
1418310299,113.0800,113.1100,112.7600,112.8900,692700
1418310599,113.0001,113.1100,112.8000,113.0900,642500
1418310898,112.9800,113.1500,112.8900,113.0000,760700
1418311140,113.1053,113.3300,112.9700,112.9700,828900
1418311440,113.3199,113.3800,113.0559,113.0943,1051500
1418311740,113.4360,113.4600,113.2100,113.3200,868700
1418312099,113.6100,113.6500,113.3800,113.4400,599600
1418312399,113.6000,113.6500,113.5000,113.6100,539300
1418312699,113.6900,113.7300,113.5000,113.5901,551000
1418312999,113.4753,113.7100,113.4100,113.6990,622600
1418313240,113.4800,113.5500,113.3500,113.4799,428900
1418313541,113.4900,113.6100,113.4200,113.4900,365400
1418313899,113.4810,113.5590,113.3800,113.4800,312100
1418314199,113.5000,113.6100,113.4600,113.4990,349400
1418314499,113.2500,113.5200,113.1500,113.4901,633900
1418314799,113.3690,113.3900,113.2300,113.2500,321000
1418315040,113.4950,113.5000,113.2700,113.3500,348000
1418315399,113.4200,113.5600,113.3500,113.4900,388100
1418315699,113.4299,113.5200,113.3700,113.4000,253300
1418315999,113.5500,113.5800,113.3610,113.4250,277200
1418316240,113.5450,113.6300,113.4500,113.5500,266900
1418316540,113.5300,113.6000,113.5000,113.5350,271000
1418316899,113.7599,113.7900,113.5200,113.5250,438600
1418317199,113.5750,113.8000,113.5750,113.7500,335500
1418317440,113.6600,113.7300,113.5500,113.5700,238400
1418317740,113.5400,113.6900,113.5100,113.6600,229300
1418318099,113.4700,113.5800,113.4100,113.5360,237000
1418318340,113.4355,113.5200,113.3950,113.4700,224700
1418318699,113.5100,113.5300,113.4300,113.4400,193000
1418318940,113.5700,113.5900,113.4400,113.5100,220800
1418319240,113.4000,113.6000,113.3600,113.5600,224500
1418319541,113.4400,113.5074,113.3800,113.4100,151700
1418319840,113.3900,113.4800,113.3300,113.4350,200300
1418320140,113.4300,113.4800,113.3150,113.3700,248600
1418320441,113.3890,113.4700,113.3750,113.4250,134500
1418320740,113.3800,113.4700,113.3300,113.3932,182300
1418321041,113.3800,113.4500,113.2700,113.3800,266200
1418321340,113.3540,113.4400,113.3400,113.3800,167800
1418321640,113.2200,113.3650,113.1801,113.3564,367200
1418321999,113.2700,113.3800,113.1920,113.2100,209500
1418322240,113.2500,113.3400,113.2100,113.2690,215400
1418322599,113.2410,113.3300,113.2000,113.2550,176300
1418322840,113.2750,113.3600,113.2400,113.2500,183900
1418323140,113.2299,113.3100,113.1100,113.2700,248700
1418323441,113.2900,113.3550,113.2300,113.2350,196300
1418323799,113.3750,113.4200,113.2650,113.3000,208900
1418324099,113.3600,113.4000,113.2900,113.3800,160800
1418324399,113.1200,113.3900,113.1000,113.3700,373200
1418324699,113.0700,113.1400,113.0200,113.1200,355100
1418324999,113.0700,113.1500,112.9500,113.0700,507600
1418325298,113.0550,113.0850,112.9900,113.0720,214000
1418325599,112.9400,113.0800,112.8400,113.0600,389600
1418325899,112.8710,113.0199,112.8400,112.9400,271000
1418326140,112.8000,112.8700,112.7255,112.8700,562100
1418326441,112.7350,112.9099,112.7300,112.8000,361400
1418326799,112.6000,112.7301,112.4600,112.7301,677100
1418327040,112.5300,112.7300,112.5300,112.6000,321700
1418327340,112.1900,112.5700,112.1600,112.5390,752600
1418327698,112.2610,112.4600,112.1500,112.1800,500900
1418327999,111.9350,112.3400,111.9000,112.2610,895000
1418328299,112.2900,112.3100,111.9200,111.9300,815700
1418328599,112.1300,112.3200,112.1300,112.2900,466600
1418328840,112.4200,112.5200,112.1100,112.1300,571100
1418329140,112.5100,112.5200,112.3220,112.4200,439400
1418329499,112.5300,112.5600,112.3800,112.5000,369400
1418329798,112.4000,112.5560,112.2900,112.5200,425600
1418330098,112.4066,112.6900,112.2700,112.3900,721100
1418330399,112.1900,112.4250,112.1200,112.4000,550500
1418330696,112.0800,112.4100,112.0200,112.1900,594000
1418330999,111.7600,112.1400,111.7500,112.0200,885100
1418331299,111.4300,111.7800,111.3400,111.7600,1564900
1418331540,111.6600,111.6800,111.4100,111.4300,3690300
1418331600,111.6200,111.6200,111.6200,111.6200,845200
1418394897,111.1600,111.1800,110.2800,110.4600,0
1418395199,111.5900,111.7500,111.1000,111.1500,1104200
1418395440,111.5000,111.8700,111.3300,111.6000,941900
1418395799,111.0932,111.5700,110.9500,111.4900,872700
1418396099,111.1300,111.2600,111.0100,111.1000,560900
1418396399,111.4100,111.5900,111.0200,111.1400,1110000
1418396640,110.7900,111.5300,110.7700,111.4000,937100
1418396940,110.9500,111.0900,110.7800,110.7800,740900
1418397299,110.6050,110.9550,110.4700,110.9400,891900
1418397540,110.8100,110.8250,110.4600,110.6100,660300
1418397899,110.9671,111.0400,110.6500,110.8150,687700
1418398141,110.9400,111.0400,110.7600,110.9599,466800
1418398440,111.0301,111.1900,110.8500,110.9400,442100
1418398740,110.8971,111.1450,110.8820,111.0301,447600
1418399099,110.9100,110.9300,110.7200,110.8800,479600
1418399399,110.7800,110.9000,110.7200,110.9000,366200
1418399699,110.5760,110.8700,110.5250,110.7600,642300
1418399999,110.3450,110.6500,110.2900,110.5750,806200
1418400240,110.2260,110.3700,110.1200,110.3500,658500
1418400540,110.5960,110.7000,110.1632,110.2100,733100
1418400841,110.7100,110.7500,110.4600,110.6100,1031000
1418401141,110.4801,110.7000,110.4500,110.6900,486900
1418401441,110.4200,110.6150,110.3300,110.4900,653900
1418401799,110.0900,110.4300,110.0400,110.4300,876800
1418402099,110.3600,110.4100,110.0700,110.0900,689400
1418402399,110.6601,110.6900,110.3300,110.3526,665400
1418402640,110.5200,110.7300,110.4800,110.6500,607400
1418402941,110.5000,110.6500,110.3100,110.5700,597000
1418403299,110.3700,110.6500,110.3399,110.4900,399400
1418403541,110.2300,110.4660,110.1700,110.3700,812600
1418403899,110.3410,110.3800,110.1201,110.2700,422200
1418404141,110.3300,110.4800,110.2300,110.3535,551600
1418404440,110.2600,110.4000,110.1100,110.3200,430200
1418404741,110.3440,110.3870,110.1500,110.2500,463300
1418405040,110.3800,110.3970,110.1400,110.3200,432800
1418405340,110.5000,110.5399,110.3100,110.3700,404600
1418405640,110.6000,110.6500,110.4100,110.4800,473500
1418405940,110.5500,110.6360,110.4499,110.5700,397000
1418406240,110.4000,110.6000,110.3200,110.5301,410600
1418406540,110.6700,110.6900,110.4000,110.4090,320700
1418406840,110.4800,110.6470,110.4400,110.6470,636600
1418407199,110.4600,110.5150,110.4000,110.4700,302500
1418407499,110.3700,110.5100,110.3100,110.4500,337300
1418407740,110.6600,110.6800,110.3800,110.3800,344700
1418408098,110.6651,110.6900,110.5500,110.6600,310200
1418408399,110.9900,111.1000,110.6500,110.6600,893900
1418408640,111.2000,111.2300,110.9300,110.9900,545000
1418408940,111.3300,111.3850,111.1400,111.2000,564800
1418409240,111.1470,111.4100,111.0670,111.3250,536500
1418409540,110.9800,111.1400,110.8500,111.1400,505400
1418409897,110.8500,110.9950,110.8000,110.9900,360200
1418410198,110.9300,110.9700,110.7099,110.8400,366000
1418410498,111.0020,111.0400,110.9240,110.9330,278600
1418410799,110.9000,111.0200,110.8700,111.0050,292100
1418411040,110.9600,111.0200,110.8600,110.9000,341400
1418411343,110.9700,111.0300,110.9200,110.9700,241100
1418411699,110.7500,110.9800,110.7500,110.9616,343500
1418411941,110.6300,110.7600,110.6100,110.7500,398300
1418412240,110.3900,110.7799,110.3500,110.6200,572500
1418412540,110.3100,110.5000,110.3000,110.3900,438000
1418412894,110.3800,110.4600,110.2500,110.3000,419800
1418413140,110.2700,110.4000,110.1800,110.3610,448400
1418413441,110.1900,110.3600,110.1750,110.2700,404600
1418413799,110.2400,110.3000,110.1400,110.1800,311900
1418414097,110.2300,110.2700,110.1500,110.2500,778000
1418414399,110.2500,110.2800,110.1500,110.2270,394400
1418414699,110.4000,110.4600,110.2300,110.2450,555100
1418414941,110.3990,110.4400,110.2600,110.3950,439100
1418415298,110.2600,110.4400,110.2100,110.4000,367700
1418415540,110.2600,110.3900,110.2000,110.2700,397400
1418415898,110.2300,110.3600,110.1450,110.2600,575500
1418416198,110.2190,110.3100,110.1400,110.2200,520800
1418416498,110.1340,110.2300,110.1100,110.2101,747200
1418416798,109.9250,110.1200,109.9000,110.1100,2122800
1418417099,109.8360,109.9590,109.7700,109.9200,1332000
1418417398,109.8300,109.8800,109.6900,109.8300,1197900
1418417695,109.6900,109.8300,109.5830,109.8300,1701800
1418417940,109.8200,109.9500,109.6500,109.6800,6353500
1418418000,109.7300,109.7300,109.7300,109.7300,1158200
1418654040,111.4900,111.5000,110.7000,110.7000,0
1418654399,111.1000,111.6000,111.0500,111.4800,1288200
1418654699,111.0099,111.4300,110.9800,111.1000,957200
1418654999,111.0900,111.1500,110.8201,111.0100,886700
1418655299,110.8300,111.1300,110.8100,111.0850,568000
1418655599,110.7286,110.9490,110.4600,110.8500,1030400
1418655899,110.4500,110.7550,110.3200,110.7100,919700
1418656140,110.3200,110.7300,110.3000,110.4400,714300
1418656499,110.6200,110.6500,110.2710,110.3050,604700
1418656740,110.5900,110.7600,110.5500,110.6100,422900
1418657040,110.2658,110.5900,110.1800,110.5900,677900
1418657399,110.2900,110.4500,110.2200,110.2500,501500
1418657699,110.1600,110.3700,110.1000,110.2800,595000
1418657940,109.7800,110.1850,109.7500,110.1500,959500
1418658240,109.9200,109.9600,109.7700,109.7800,781500
1418658540,110.1800,110.2300,109.8500,109.9158,844200
1418658899,110.3858,110.4200,110.1400,110.1600,901800
1418659140,110.2900,110.4700,110.2000,110.3859,494200
1418659499,110.1200,110.3000,110.0600,110.2600,364000
1418659799,110.0200,110.1400,109.8500,110.1200,583200
1418660099,109.7800,110.0600,109.7500,110.0200,356400
1418660340,109.5800,109.7900,109.4500,109.7800,1247300
1418660699,108.6100,109.6000,108.5400,109.5770,1557400
1418660999,108.7800,108.8500,108.2300,108.6000,1915300
1418661299,108.7900,108.8900,108.6800,108.7700,920600
1418661599,107.2900,108.8300,107.2400,108.8200,2505400
1418661899,107.7300,107.7300,106.3500,107.2770,3797100
1418662199,107.7800,108.0700,107.5900,107.7300,1652800
1418662499,107.5600,107.9499,107.5000,107.7800,1109300
1418662799,107.5700,107.8500,107.2700,107.5400,1187000
1418663099,108.0400,108.0400,107.5500,107.5750,937600
1418663399,108.4000,108.4800,108.0200,108.0300,955900
1418663640,108.5000,108.5800,108.2600,108.3900,574200
1418663999,108.2200,108.5066,108.0600,108.5066,576000
1418664298,108.4800,108.5200,108.0800,108.2200,538900
1418664599,108.9200,108.9700,108.4500,108.4800,965200
1418664899,108.9500,109.0900,108.7710,108.9200,801100
1418665199,109.2600,109.3000,108.8600,108.9500,691500
1418665499,109.3500,109.4300,109.1800,109.2600,874500
1418665740,109.2580,109.4800,109.2300,109.3500,638600
1418666042,109.3000,109.3900,109.0700,109.2600,574100
1418666399,109.4550,109.7200,109.2550,109.3100,789900
1418666699,109.7350,109.8100,109.3600,109.4500,677400
1418666998,109.3500,109.8500,109.3300,109.7200,764000
1418667240,108.8700,109.4200,108.8072,109.3500,613900
1418667540,109.0001,109.0001,108.7700,108.8500,460100
1418667840,109.1000,109.2900,108.9550,109.0000,470500
1418668140,108.9300,109.1400,108.9250,109.1100,334100
1418668498,108.7900,109.0000,108.7000,108.9200,464300
1418668799,108.7400,108.9000,108.7200,108.7900,500200
1418669098,108.7310,108.9000,108.5300,108.7400,476200
1418669340,108.5910,108.7400,108.5201,108.7400,302400
1418669640,108.7100,108.8300,108.4300,108.5700,402200
1418669999,108.7650,108.8600,108.6810,108.7152,301000
1418670240,108.7190,108.9100,108.6400,108.7400,357600
1418670540,108.7000,108.7500,108.5400,108.7190,394500
1418670899,108.6800,108.9000,108.5500,108.6935,494100
1418671199,108.6600,108.7800,108.5700,108.6700,348400
1418671440,108.9800,109.0100,108.6100,108.6600,516300
1418671799,109.2697,109.3900,108.9200,108.9701,724300
1418672040,109.1300,109.3100,108.9500,109.2600,405100
1418672399,109.2600,109.5700,109.0900,109.1000,594300
1418672699,108.8600,109.3700,108.8200,109.2800,452300
1418672940,108.6300,108.9700,108.6300,108.8600,525900
1418673241,108.7001,108.7472,108.5000,108.6100,472100
1418673540,108.8001,108.8700,108.6300,108.7000,315300
1418673841,108.8300,109.0400,108.7200,108.8000,475300
1418674140,108.9200,109.0400,108.7500,108.8300,329200
1418674499,108.9400,109.1000,108.8600,108.9400,384900
1418674740,108.7600,108.9800,108.7200,108.9400,323600
1418675040,108.4800,108.7680,108.4350,108.7637,603600
1418675399,108.0200,108.6000,107.9300,108.4900,960200
1418675699,107.9700,108.1300,107.7500,108.0100,1109200
1418675940,108.5299,108.6000,107.9700,107.9700,1026300
1418676299,108.4900,108.6100,108.3599,108.5200,619400
1418676540,108.3820,108.4901,108.1700,108.4901,1153000
1418676840,108.5000,108.5400,108.2800,108.3800,783100
1418677199,108.2300,108.6400,108.1000,108.5000,1631600
1418677200,108.2250,108.2250,108.2250,108.2250,3464000
1418740499,107.2400,107.2400,106.3300,106.4600,0
1418740799,107.2980,107.6800,107.1400,107.2400,1615800
1418741043,107.7340,107.7390,107.1860,107.2800,974500
1418741340,108.2200,108.2400,107.4700,107.7200,1216200
1418741641,107.9900,108.4400,107.6100,108.1800,1187700
1418741940,107.3300,108.2500,107.3300,108.0300,980600
1418742299,107.2900,108.3500,107.2300,107.3000,944900
1418742599,106.8600,107.5100,106.7400,107.2900,1201600
1418742899,106.9900,107.2120,106.7800,106.8780,930700
1418743199,107.7140,107.8100,106.9000,106.9855,938400
1418743440,108.0700,108.0700,107.4200,107.7000,790600
1418743740,108.1600,108.1900,107.7600,108.0800,767600
1418744041,107.9500,108.1700,107.8100,108.1400,775400
1418744340,107.7200,108.0000,107.6300,107.9500,647000
1418744640,107.4900,107.7300,107.3000,107.7200,666500
1418744941,107.7000,107.8900,107.4600,107.4999,606100
1418745299,108.3700,108.3800,107.7000,107.7000,837800
1418745599,108.6200,108.6800,108.2900,108.3680,1088000
1418745899,108.9142,108.9200,108.5200,108.6200,1644700
1418746140,108.5500,108.9700,108.5400,108.9100,771600
1418746499,108.6200,108.7300,108.5400,108.5590,424200
1418746799,109.1650,109.2300,108.6232,108.6280,797200
1418747040,109.2301,109.3000,108.9600,109.1700,898500
1418747340,109.6980,109.7800,109.1100,109.2480,1109300
1418747699,109.8398,110.1600,109.6100,109.7099,1590200
1418747998,109.5700,109.8500,109.5100,109.8400,755700
1418748299,109.5960,109.6300,109.3600,109.5700,611400
1418748599,109.4900,109.6195,109.3500,109.5950,462200
1418748898,109.4799,109.6100,109.3564,109.4900,451400
1418749199,109.2400,109.4800,109.1000,109.4600,643100
1418749499,109.1500,109.3800,109.0620,109.2799,456000
1418749799,109.1700,109.2200,109.0300,109.1501,325000
1418750099,109.1201,109.4200,109.1201,109.1775,422200
1418750340,109.2799,109.4100,109.1250,109.1268,296500
1418750699,109.0900,109.3500,109.0100,109.3000,329600
1418750941,109.2300,109.2600,109.0600,109.0920,266900
1418751299,109.4000,109.4580,109.1800,109.2300,263900
1418751541,109.4000,109.4900,109.3350,109.3864,338100
1418751899,109.1280,109.5000,109.1000,109.4000,353800
1418752199,108.8770,109.1550,108.6000,109.1164,743300
1418752440,108.7619,109.0400,108.6600,108.8668,351200
1418752798,108.6200,108.9000,108.6100,108.7500,395400
1418753040,108.8600,108.9000,108.5800,108.6400,536500
1418753340,108.4201,108.9100,108.3400,108.8600,432500
1418753640,107.9900,108.4900,107.9700,108.4300,767800
1418753940,107.8700,108.1800,107.6210,107.9800,667000
1418754299,107.6900,108.0000,107.6700,107.8300,548600
1418754599,108.0800,108.1200,107.6100,107.6900,583000
1418754840,107.9100,108.0800,107.6800,108.0700,571800
1418755140,107.9900,108.0600,107.8500,107.9050,393000
1418755441,108.2160,108.3700,107.9100,107.9700,515400
1418755740,108.1300,108.2400,107.9300,108.2100,307300
1418756040,108.3700,108.5000,108.1100,108.1200,388900
1418756399,108.2500,108.5700,108.1300,108.3800,430400
1418756697,108.0610,108.3600,108.0000,108.2300,297300
1418756999,108.3510,108.4950,108.0400,108.0500,445700
1418757240,108.6299,108.6880,108.2500,108.3600,446100
1418757598,108.4200,108.6400,108.2600,108.6300,637100
1418757840,108.3900,108.5690,108.3000,108.4300,288600
1418758140,108.3600,108.4700,108.3000,108.3700,281700
1418758498,108.2207,108.5100,108.2200,108.3500,319000
1418758740,108.2700,108.3350,108.1000,108.2300,290500
1418759099,108.2200,108.4400,108.1600,108.2600,258000
1418759399,108.1100,108.2700,108.0600,108.2200,347100
1418759699,107.9000,108.1100,107.7200,108.1100,530000
1418759945,107.8899,107.9500,107.7800,107.8901,333900
1418760240,108.0400,108.0700,107.7400,107.8900,470500
1418760599,107.9300,108.0800,107.7100,108.0299,365500
1418760899,107.6900,107.9790,107.6400,107.9340,429600
1418761140,107.8501,107.9390,107.6500,107.6900,390800
1418761445,107.6650,107.8700,107.5800,107.8432,580600
1418761799,107.3801,107.6900,107.3300,107.6600,891300
1418762099,107.4299,107.6100,107.2500,107.3801,720700
1418762398,107.1700,107.4900,107.1500,107.4300,695900
1418762640,106.7438,107.2300,106.7400,107.1700,1363000
1418762999,107.0632,107.1800,106.6900,106.7500,1107100
1418763299,106.8800,107.0600,106.6800,107.0600,1513000
1418763599,106.6900,106.9000,106.6500,106.8600,2343700
1418763600,106.7450,106.7450,106.7450,106.7450,3837400
1418826840,107.2300,107.5400,106.8967,107.1300,0
1418827199,107.4200,107.5090,107.2100,107.2300,967600
1418827499,107.6001,107.6800,107.1800,107.4370,956800
1418827740,107.5200,107.8000,107.5200,107.6000,852100
1418828099,107.5899,107.7100,107.4700,107.5399,674500
1418828340,107.6900,107.7400,107.3500,107.5900,659700
1418828640,107.5201,107.8400,107.4200,107.6900,825800
1418828999,107.3800,107.5200,107.1300,107.5100,798500
1418829299,107.6100,107.6500,107.2700,107.3900,528700
1418829599,107.3700,107.6100,107.1320,107.6100,526100
1418829840,107.2400,107.3700,107.0800,107.3600,484800
1418830199,107.1400,107.2680,107.0400,107.2500,503700
1418830499,107.4000,107.4900,107.0100,107.1200,734000
1418830740,107.5200,107.5400,107.2100,107.4000,447200
1418831040,107.4520,107.5400,107.2443,107.5200,407700
1418831399,107.4600,107.6000,107.3900,107.4700,439300
1418831640,107.3000,107.5058,107.2600,107.4700,387900
1418831942,107.0100,107.3900,106.8900,107.2942,698700
1418832240,107.1950,107.2300,107.0100,107.0120,471300
1418832599,107.0700,107.2200,106.9800,107.2000,542400
1418832899,107.0100,107.1700,107.0100,107.0800,316200
1418833140,107.2100,107.2800,106.8600,107.0180,642400
1418833440,107.3901,107.4300,107.1200,107.2132,438800
1418833799,107.2900,107.5100,107.2600,107.4100,463200
1418834099,107.2350,107.3700,107.1900,107.2900,860000
1418834340,107.5100,107.5400,107.2100,107.2100,561600
1418834699,107.8466,107.9800,107.4500,107.5100,865400
1418834999,107.8000,107.9800,107.7700,107.8500,543000
1418835299,107.8900,107.9400,107.7828,107.7981,659900
1418835540,108.0210,108.0300,107.8250,107.8900,629500
1418835899,107.8690,108.0300,107.8020,108.0200,553400
1418836199,107.8700,107.9100,107.6600,107.8547,437900
1418836440,107.6800,107.8899,107.5800,107.8800,400400
1418836740,107.5999,107.7300,107.5800,107.6700,318600
1418837042,107.4900,107.6825,107.4500,107.5950,347300
1418837399,107.4900,107.5500,107.3635,107.4800,357500
1418837640,107.5700,107.7100,107.4800,107.5000,333600
1418837940,107.4300,107.6050,107.3700,107.5600,300400
1418838240,107.3900,107.4600,107.3000,107.4400,351200
1418838540,107.4300,107.4900,107.3300,107.3900,216800
1418838899,107.4500,107.5564,107.4100,107.4400,296700
1418839199,107.4299,107.5200,107.4100,107.4600,224900
1418839440,107.2990,107.5000,107.2200,107.4200,343500
1418839740,107.3200,107.3800,107.1900,107.3000,203400
1418840098,107.2200,107.3800,107.2000,107.3200,264700
1418840399,107.1654,107.2600,107.1384,107.2300,308900
1418840640,107.2400,107.3200,107.1400,107.1700,316000
1418840941,107.4800,107.4900,107.2100,107.2400,277500
1418841299,107.7250,107.7500,107.4000,107.4700,394100
1418841599,107.7400,107.7432,107.5700,107.7200,272300
1418841840,107.7700,107.8100,107.6700,107.7300,236900
1418842141,107.5900,107.7700,107.4800,107.7700,319200
1418842499,107.6449,107.7500,107.5300,107.5950,233000
1418842740,107.8900,107.9000,107.5800,107.6400,335400
1418843099,108.2600,108.7800,107.7600,107.9000,1561900
1418843399,108.2336,108.4200,108.0500,108.3100,940500
1418843699,109.0900,109.1200,108.2200,108.2350,1437100
1418843940,109.0500,109.2000,108.9100,109.0900,1072300
1418844241,108.8600,109.0500,108.6250,109.0500,769700
1418844599,108.7700,108.9500,108.7123,108.8800,528900
1418844899,108.7900,108.9300,108.4601,108.7650,645400
1418845199,109.2000,109.3090,108.7800,108.7900,752500
1418845499,108.8200,109.2280,108.5000,109.2200,977200
1418845740,108.4400,108.8500,108.3500,108.8300,767100
1418846099,108.7900,108.8200,108.4000,108.4500,604200
1418846399,108.5350,108.8400,108.3760,108.7900,532400
1418846699,108.3100,108.5850,108.0601,108.5600,890300
1418846940,108.3100,108.4901,108.2600,108.3000,623700
1418847298,108.5081,108.5250,108.2600,108.3100,506200
1418847540,108.6100,108.6700,108.3100,108.5200,567400
1418847842,108.5900,108.6800,108.4600,108.6200,486900
1418848199,109.1300,109.1900,108.5700,108.5900,802900
1418848499,109.2162,109.4700,109.0600,109.1500,986500
1418848799,109.2650,109.2900,109.1250,109.2147,726100
1418849042,109.5300,109.6400,109.2600,109.2699,1156500
1418849340,109.7500,109.8400,109.4600,109.5290,1102400
1418849698,109.2700,109.7500,109.2500,109.7450,1395900
1418849940,109.4000,109.4900,109.2700,109.2800,1856700
1418850000,109.4100,109.4100,109.4100,109.4100,4320900
1418913295,111.0800,111.8600,111.0800,111.8600,0
1418913540,111.2500,111.4690,110.8010,111.0400,1765300
1418913840,111.4300,111.5200,110.8900,111.2000,1505800
1418914140,111.1300,111.4780,111.1200,111.4300,2247700
1418914499,110.8600,111.2400,110.7300,111.1300,1965600
1418914799,111.1900,111.2201,110.8400,110.8500,930300
1418915099,111.4900,111.5000,111.1300,111.2000,1004000
1418915341,111.4800,111.6000,111.3600,111.4900,1189800
1418915696,111.5200,111.6500,111.3950,111.5075,816000
1418915942,111.4350,111.6200,111.4300,111.5200,807700
1418916240,111.3849,111.5900,111.3750,111.4400,654200
1418916599,111.3410,111.4300,111.2650,111.3700,713000
1418916897,111.2310,111.3800,111.2200,111.3300,545900
1418917199,111.0150,111.2700,110.9500,111.2300,763500
1418917499,111.2100,111.2400,110.8600,111.0110,776800
1418917740,111.1500,111.2900,111.0200,111.2100,530200
1418918041,111.1990,111.3500,111.1200,111.1540,394800
1418918340,111.1200,111.3300,111.1100,111.1900,431700
1418918640,110.9999,111.1130,110.9300,111.1000,560800
1418918999,110.7850,111.0000,110.7700,110.9900,748700
1418919299,110.9270,110.9500,110.6600,110.7900,608600
1418919599,111.0300,111.0400,110.9000,110.9200,444400
1418919840,111.1701,111.2500,111.0100,111.0200,526300
1418920199,111.0900,111.2300,111.0900,111.1700,490100
1418920499,111.0929,111.1800,110.9800,111.1500,301700
1418920798,110.9500,111.1400,110.9500,111.1000,291100
1418921040,111.0300,111.1300,110.9200,110.9637,346800
1418921399,111.0250,111.1000,110.9600,111.0100,347000
1418921699,111.2500,111.2800,110.9500,111.0150,527600
1418921941,111.2500,111.3300,111.1700,111.2500,469100
1418922299,111.2430,111.2800,111.1700,111.2400,394000
1418922540,111.2700,111.3700,111.2300,111.2401,422600
1418922899,111.2600,111.3400,111.2400,111.2690,310900
1418923147,111.2800,111.3300,111.2400,111.2700,234700
1418923499,111.2600,111.3100,111.0800,111.2700,388700
1418923740,111.2600,111.3400,111.1900,111.2499,376200
1418924098,111.3200,111.3500,111.2101,111.2600,320400
1418924399,111.3500,111.4190,111.3050,111.3050,307000
1418924643,111.4700,111.4900,111.3300,111.3500,360500
1418924997,111.6350,111.6400,111.3800,111.4250,580900
1418925241,111.6575,111.6800,111.5050,111.6350,441900
1418925599,111.6501,111.6800,111.6100,111.6300,303100
1418925899,111.6010,111.6600,111.5300,111.6525,269300
1418926142,111.5701,111.6399,111.5300,111.6300,275000
1418926440,111.6390,111.6400,111.5300,111.5700,295500
1418926740,111.7400,111.7400,111.5840,111.6300,350300
1418927099,111.9700,111.9700,111.7100,111.7275,812900
1418927397,111.9401,111.9900,111.8400,111.9600,614400
1418927641,112.1100,112.1400,111.8600,111.9400,987800
1418927999,112.1900,112.2400,112.1000,112.1200,664400
1418928241,112.1980,112.2800,112.1368,112.1900,535400
1418928540,112.1300,112.2000,112.1100,112.1900,349400
1418928842,112.1300,112.1800,112.0700,112.1400,472000
1418929141,112.1350,112.1900,112.1100,112.1200,392500
1418929441,111.9300,112.1500,111.9100,112.1300,597700
1418929799,111.9500,111.9600,111.7800,111.9300,523000
1418930041,111.8900,112.0299,111.8400,111.9550,422800
1418930399,111.9199,112.0000,111.8501,111.8900,453800
1418930640,111.6800,111.9400,111.6800,111.9100,364900
1418930940,111.7400,111.8500,111.6700,111.6850,424500
1418931242,111.8701,111.8800,111.7000,111.7500,430600
1418931598,111.9000,111.9800,111.7600,111.8800,362000
1418931840,111.7850,111.9400,111.7641,111.8600,355800
1418932141,111.5350,111.8600,111.5200,111.7900,487800
1418932499,111.8200,111.8400,111.5100,111.5350,506200
1418932740,111.8350,111.9000,111.7200,111.8300,448400
1418933041,111.8490,111.9000,111.7000,111.8101,383300
1418933340,111.8450,112.0200,111.7600,111.8400,668000
1418933642,111.9200,111.9600,111.7600,111.8100,448400
1418933942,111.9701,112.0000,111.8500,111.9300,488300
1418934298,111.9300,112.0400,111.8700,111.9700,586800
1418934544,112.0999,112.1194,111.8900,111.9200,522300
1418934840,112.1899,112.2500,112.0900,112.0900,627800
1418935199,112.2600,112.2600,112.1400,112.1859,693100
1418935441,112.2000,112.4000,112.1710,112.2600,1077700
1418935799,112.2250,112.2300,112.0400,112.1950,1046500
1418936042,112.4850,112.4900,112.2250,112.2300,1597700
1418936340,112.5900,112.6000,112.4100,112.4800,2684600
1418936400,112.6500,112.6500,112.6500,112.6500,5697900
1418999699,112.0400,112.2900,111.6900,112.1800,0
1418999999,112.3400,112.3600,112.0100,112.0400,1196700
1419000299,112.0400,112.4400,112.0200,112.3200,990800
1419000599,112.1700,112.1900,111.9600,112.0400,1188500
1419000899,112.1300,112.2850,112.0700,112.2200,793900
1419001199,112.3074,112.3300,111.9000,112.1300,924100
1419001440,112.5800,112.6700,112.1700,112.3100,1053800
1419001799,112.9550,113.1200,112.5600,112.5800,1411700
1419002099,112.9500,113.0000,112.7800,112.9600,837700
1419002399,113.1901,113.2400,112.9256,112.9450,1040000
1419002699,112.9300,113.2300,112.8600,113.2000,802000
1419002940,112.9900,113.0700,112.8700,112.9399,608000
1419003240,112.7100,113.0100,112.6300,112.9900,694400
1419003599,112.6800,112.8200,112.6400,112.7000,535800
1419003840,112.7900,112.8900,112.6700,112.6800,458200
1419004140,112.5610,112.8000,112.5499,112.7800,357800
1419004499,112.5900,112.6800,112.4200,112.5900,734700
1419004799,112.8000,112.8300,112.5800,112.6000,671900
1419005099,112.7900,112.8300,112.6900,112.7700,454200
1419005399,112.3710,112.8000,112.3600,112.7850,539300
1419005699,112.5790,112.5900,112.3500,112.3800,426900
1419005940,112.3999,112.6000,112.3900,112.5700,400200
1419006299,112.4600,112.5250,112.3600,112.3999,354700
1419006541,112.5800,112.6570,112.4510,112.4700,392200
1419006899,112.4500,112.6500,112.4100,112.5600,363400
1419007140,112.3300,112.4900,112.2800,112.4500,397500
1419007499,112.3350,112.4400,112.3199,112.3201,338400
1419007742,112.2199,112.4300,112.2000,112.3400,426300
1419008041,112.1800,112.2700,112.1050,112.2100,531100
1419008340,112.2800,112.3700,112.1850,112.1850,392100
1419008642,112.2050,112.2900,112.1800,112.2634,345500
1419008999,112.1450,112.2400,112.1000,112.1900,361800
1419009240,112.1110,112.1800,112.0900,112.1500,284100
1419009544,112.1770,112.2800,112.1050,112.1200,284500
1419009899,112.0900,112.2700,112.0400,112.1700,336400
1419010140,112.2099,112.2100,112.0800,112.0899,310500
1419010441,112.1900,112.2400,112.1200,112.2040,231100
1419010740,112.2600,112.2800,112.1700,112.1900,234400
1419011098,112.2500,112.2700,112.1700,112.2500,205600
1419011341,112.4400,112.4400,112.2200,112.2450,363000
1419011699,112.4900,112.5500,112.4000,112.4390,463800
1419011940,112.3690,112.5000,112.3400,112.4900,407900
1419012240,112.3524,112.3800,112.2900,112.3600,385600
1419012541,112.3300,112.4300,112.3150,112.3600,338400
1419012897,112.2350,112.3600,112.2150,112.3220,322300
1419013199,112.3450,112.3600,112.2334,112.2358,510600
1419013499,112.3300,112.3900,112.3000,112.3550,261000
1419013741,112.3400,112.4000,112.3250,112.3300,210800
1419014040,112.3100,112.3800,112.2400,112.3600,336200
1419014342,112.2700,112.3500,112.2600,112.3100,183400
1419014640,112.2850,112.3045,112.2000,112.2700,290600
1419014995,112.2600,112.3200,112.1900,112.3100,256300
1419015299,112.1766,112.2520,112.1200,112.2500,269600
1419015540,112.0701,112.1700,112.0700,112.1700,309700
1419015899,112.2460,112.2500,112.0650,112.0700,262800
1419016195,112.3400,112.3700,112.2210,112.2400,380500
1419016441,112.2800,112.3872,112.2750,112.3500,293100
1419016798,112.1650,112.3045,112.1650,112.2800,217900
1419017044,112.2038,112.2150,112.1000,112.1620,271200
1419017340,112.1500,112.2650,112.1400,112.2050,283000
1419017641,112.1900,112.2650,112.0900,112.1500,477900
1419017940,112.2000,112.2550,112.1000,112.1850,251600
1419018242,112.1850,112.2700,112.1700,112.2100,308100
1419018541,112.2400,112.2700,112.1300,112.1900,319400
1419018899,112.4150,112.4200,112.2300,112.2499,488100
1419019140,112.3800,112.4500,112.3220,112.4300,583200
1419019499,112.2000,112.4100,112.1900,112.4000,559000
1419019799,112.1400,112.2000,112.0800,112.2000,585800
1419020040,112.0700,112.1600,111.8900,112.1400,1059400
1419020399,111.9680,112.1100,111.9500,112.0700,554200
1419020640,112.0500,112.0800,111.9600,111.9700,477900
1419020941,112.0600,112.0630,111.9710,112.0400,446700
1419021299,112.1801,112.2400,112.0590,112.0600,564100
1419021541,112.2400,112.3100,112.1400,112.1500,618200
1419021898,112.1810,112.3300,112.1500,112.2400,639300
1419022199,112.1800,112.2300,112.0600,112.2000,747600
1419022499,111.8000,112.1800,111.8000,112.1800,1803100
1419022740,111.7650,111.9300,111.7600,111.8000,31578900
1419022800,111.7800,111.7800,111.7800,111.7800,0
