1418049189,659.2299,660.0000,657.6350,660.0000,18500
1418049553,658.7740,659.3000,658.1600,659.1000,3700
1418049892,659.7900,660.2200,658.6100,659.2100,10000
1418050195,662.0000,662.0000,660.9500,661.0600,3400
1418050405,661.0220,661.9600,661.0000,661.5200,7500
1418050760,662.1200,662.1200,661.7500,662.0875,900
1418051045,661.1030,662.3500,661.1030,662.1400,3300
1418051393,660.5700,662.3100,660.5000,662.3100,4700
1418051693,660.3300,661.4000,660.3300,661.0100,1600
1418051989,660.8100,661.1000,660.8100,660.8900,900
1418052163,661.4600,661.4600,661.4600,661.4600,900
1418052482,660.6220,660.6998,660.6220,660.6998,700
1418052800,660.9500,661.1900,660.6400,660.9100,2100
1418053161,660.8300,661.3700,660.7900,661.0800,2700
1418053457,660.7445,660.8375,660.5700,660.5700,2700
1418053632,661.0230,661.2700,660.8900,661.2700,600
1418053983,661.0900,661.1550,661.0900,661.1550,200
1418054364,661.0200,661.0500,660.6700,660.9700,1800
1418054406,660.7300,660.7300,660.7300,660.7300,700
1418054978,661.0000,661.0100,660.5000,660.9600,3500
1418055156,661.6200,661.6200,661.2300,661.2500,2900
1418055541,660.7500,661.2350,660.5389,661.2350,1300
1418055867,661.0500,661.2600,660.5300,660.9200,3900
1418056156,660.5300,661.3100,660.5100,661.0200,2700
1418056447,660.6600,660.9200,658.5000,660.9200,9200
1418056747,660.3200,660.3200,660.2900,660.2900,800
1418057096,660.0500,660.3300,660.0500,660.2850,700
1418057281,659.8100,660.0950,659.8100,660.0950,300
1418057577,659.6200,660.1800,659.6200,659.8100,1700
1418057918,658.9250,659.4900,658.9000,659.1000,2500
1418058299,658.8200,659.4200,658.4900,659.1800,1900
1418058540,659.0200,660.0500,658.5000,659.0200,2300
1418058841,655.5900,658.9900,655.5900,658.9800,8400
1418059161,653.9500,655.8000,653.9500,655.7300,7300
1418059473,653.5001,654.3700,653.5001,654.2200,3100
1418059700,654.6720,654.6720,653.7500,653.7500,2900
1418060054,654.8200,654.8200,653.6800,654.1500,2000
1418060347,655.7000,655.7200,654.9950,655.1900,2400
1418060607,656.5200,656.6400,655.9380,655.9380,3100
1418060940,656.6100,656.9000,656.6000,656.6100,1500
1418061194,655.9500,656.7100,655.9500,656.7100,700
1418061599,655.5800,655.8300,654.9700,655.1100,2200
1418061853,656.6100,656.6100,655.6000,655.6000,2200
1418062147,656.6100,657.7100,656.6000,656.7000,2000
1418062422,656.5800,657.1800,656.5000,656.5100,1200
1418062763,656.2900,656.2900,656.0900,656.0900,500
1418063085,654.9959,656.4400,654.9959,655.8300,2000
1418063373,656.4300,656.5100,654.7100,654.7565,3200
1418063478,655.7401,656.6538,655.7400,656.6538,3500
1418063941,655.0700,655.3300,654.8200,655.2850,2600
1418064262,654.9000,655.2300,654.5000,654.8300,2800
1418064560,655.3200,655.3200,654.7000,654.9100,4100
1418064770,655.4500,655.4500,655.1400,655.1400,700
1418065151,655.1000,655.6100,654.5500,654.9400,3200
1418065421,654.0000,655.0000,654.0000,655.0000,1800
1418065741,654.1600,654.2500,653.7000,653.7000,2600
1418066016,653.9700,653.9700,653.9700,653.9700,1000
1418066311,654.5500,654.7900,653.7800,653.9400,1700
1418066582,655.6200,656.1700,654.3500,654.4300,7400
1418066989,657.6450,657.6450,656.8000,656.8000,1900
1418067278,656.2350,657.0750,656.2200,656.8500,3700
1418067577,657.6980,657.7200,656.2250,656.5300,2100
1418067864,659.4200,659.4200,657.2500,657.2500,4600
1418068153,659.9770,659.9990,659.0050,659.4000,3300
1418068440,659.5500,660.5500,659.5000,660.5500,4000
1418068759,658.8300,659.7599,658.8300,659.5000,2300
1418069074,658.5800,658.8500,658.4700,658.6000,2500
1418069355,658.9300,658.9300,657.8900,658.6600,3300
1418069615,658.8500,659.1399,658.8040,659.0800,3000
1418069977,658.7699,659.1699,658.5500,658.9300,3400
1418070275,658.0400,658.2500,657.7556,657.8000,3200
1418070597,657.9200,658.0200,657.6500,658.0000,4100
1418070833,658.3600,658.7600,657.6205,657.7400,5100
1418071171,658.3600,658.6900,658.0100,658.6900,2400
1418071448,657.1200,657.8100,657.1200,657.5800,5700
1418071717,656.0100,656.6200,656.0100,656.6100,3400
1418072057,656.2500,657.1400,655.8600,656.0000,7300
1418072350,657.0700,657.4700,656.2700,656.6800,15500
1418072400,657.0300,657.0300,657.0300,657.0300,28900
1418135942,649.5000,652.0000,647.5500,652.0000,0
1418136294,649.5002,649.5002,649.0000,649.0000,6100
1418136551,650.1450,650.1450,648.5110,648.9301,7300
1418136852,649.9400,650.1800,649.7000,650.0900,6100
1418137164,650.5300,650.5300,649.9400,650.0000,1800
1418137405,650.9370,650.9700,649.4200,650.9700,2900
1418137793,650.3900,651.1200,649.8400,650.1200,13400
1418138096,649.8176,651.1000,649.0000,650.6100,2700
1418138370,649.0100,650.1800,648.8200,648.8200,1000
1418138586,649.6500,649.8800,649.1009,649.1009,2800
1418138947,649.0300,649.3000,647.9900,649.2000,8000
1418139276,646.2600,649.0700,646.2600,648.4900,6300
1418139523,645.8200,646.4899,645.7400,646.0100,4200
1418139870,646.9500,647.1900,645.8100,645.8100,4300
1418140194,647.3800,647.7000,645.6000,645.6500,6500
1418140270,647.2800,648.0399,647.2800,648.0399,900
1418140781,646.8900,647.2800,646.5700,646.7900,2900
1418141056,647.7050,648.0700,646.8500,647.0100,6300
1418141354,648.1300,648.2400,647.2800,647.7100,7600
1418141528,648.8600,648.9900,648.6400,648.7300,1400
1418141905,649.3200,649.5000,648.1200,649.4500,3600
1418142294,649.1600,649.5000,648.1300,648.1300,2300
1418142483,651.1400,651.1400,649.8516,650.0000,5000
1418142795,650.6600,650.8750,650.6150,650.6150,1700
1418143083,649.6210,650.1500,649.4800,650.1500,1500
1418143470,649.6000,650.1414,649.6000,650.0100,2800
1418143759,649.6200,650.0489,648.7723,650.0489,3300
1418143980,649.5200,649.5200,649.3550,649.5000,600
1418144391,649.2450,649.5200,649.0000,649.4400,2000
1418144550,649.5000,649.5000,649.4300,649.4300,3800
1418144940,649.8600,649.8600,649.3799,649.3799,2800
1418145192,649.5600,649.5600,649.5600,649.5600,600
1418145590,649.7200,650.1600,649.5600,650.0800,9600
1418145894,649.9400,650.0500,649.8400,649.9000,3500
1418146140,651.4500,651.4500,650.1000,650.2500,5000
1418146487,652.1390,652.1390,651.4000,651.4000,3100
1418146750,652.8600,652.8600,651.7800,651.8900,3900
1418147075,652.0800,653.0699,652.0800,653.0699,600
1418147363,653.4100,653.7500,652.9800,653.0600,5400
1418147585,653.7200,653.8000,653.5800,653.5800,4400
1418147827,654.0026,654.0300,653.8300,653.8300,1800
1418148276,654.6300,655.0100,654.2500,654.2500,2500
1418148493,655.3000,655.3000,654.9724,655.0000,700
1418148889,655.7400,656.0299,655.3300,655.5000,2500
1418149089,655.6950,655.6950,655.3501,655.3568,1100
1418149382,655.7000,655.7501,655.7000,655.7501,1100
1418149683,655.5000,655.7401,655.3799,655.6900,1900
1418150069,656.8440,656.8440,655.8100,655.8100,700
1418150365,655.7700,656.3001,655.7700,656.3001,2400
1418150645,656.2520,656.3850,655.8100,655.9800,2600
1418150888,656.0000,656.1600,655.2939,655.5500,2700
1418151053,655.4700,655.4700,655.4700,655.4700,500
1418151380,655.9700,656.2900,655.9700,656.2900,1000
1418151846,656.3300,656.3300,656.0700,656.1000,1200
1418152143,655.8800,656.3400,655.8800,656.0500,2700
1418152357,655.8300,655.9100,655.8300,655.9100,900
1418153069,655.4400,656.0600,655.3700,655.7500,2300
1418153235,655.5600,655.5600,655.3900,655.3900,800
1418153699,656.0000,656.0000,655.0500,655.7910,6700
1418153972,656.9110,657.1200,655.5300,656.0000,6200
1418154244,657.0800,657.1500,656.4600,656.9600,7100
1418154578,657.4000,657.5200,656.0800,657.0700,9600
1418154854,657.1300,657.4800,657.0000,657.4800,3300
1418155150,657.1300,657.5400,657.1300,657.5400,1100
1418155462,657.9200,658.1000,657.0200,657.0200,4500
1418155688,658.0200,658.6400,658.0200,658.0800,2600
1418156001,657.9100,658.1800,657.8500,657.8500,1200
1418156300,658.2400,658.2400,657.7900,658.2300,2700
1418156628,658.4200,658.4200,658.1800,658.1800,1000
1418156993,657.6400,658.4200,657.6400,658.3400,2100
1418157274,657.6500,657.8800,657.5300,657.5300,1800
1418157561,657.7400,657.9700,657.4000,657.5600,10600
1418157899,656.9200,657.8300,656.9200,657.4500,2000
1418158144,657.5100,657.5100,656.7209,656.9100,10700
1418158464,656.9500,657.3600,656.6300,657.1300,8700
1418158754,657.0700,657.2900,656.1800,656.7700,45600
1418158800,657.0900,657.0900,657.0900,657.0900,68900
1418222345,654.2700,655.5500,654.2000,655.5500,0
1418222623,655.6600,656.0800,655.3400,655.3400,2800
1418222972,656.0500,656.3100,654.7300,655.3200,2700
1418223254,655.7000,656.8799,655.7000,656.8799,1600
1418223561,657.5300,658.4999,656.2100,656.5000,4300
1418223864,656.9701,658.8800,656.9701,658.8800,9600
1418224161,659.1300,659.6200,657.9000,657.9000,8500
1418224496,661.4500,661.4770,659.8700,659.8700,4800
1418224747,662.1075,663.1800,661.5000,661.5000,6800
1418225080,661.9300,662.7500,661.3600,662.7500,4600
1418225376,661.0000,662.1950,661.0000,662.1950,3000
1418225647,659.5200,661.0000,659.0900,661.0000,7400
1418225991,659.5700,660.9900,659.1600,659.1600,6000
1418226293,659.8200,660.5100,659.5350,659.5350,3200
1418226592,659.1500,659.6100,659.1500,659.6100,300
1418226865,659.7300,659.8500,658.9900,659.1200,5700
1418227151,660.8700,660.8700,659.6857,659.6857,1300
1418227440,660.0650,660.8450,658.3600,660.6900,4400
1418227789,659.9400,660.1600,659.1602,659.5300,1500
1418227830,659.1300,659.3500,659.1300,659.3500,800
1418228375,657.7000,658.7700,657.5000,658.7700,4800
1418228638,658.3950,658.3950,657.9700,658.2300,1800
1418228989,658.9900,658.9900,658.1200,658.1300,1100
1418229278,657.0101,658.1100,657.0001,657.9700,3200
1418229440,656.8900,657.5000,656.6600,657.5000,6900
1418229810,656.0800,656.0800,656.0800,656.0800,300
1418230135,656.4000,656.6400,655.7800,656.0600,1900
1418230395,656.5700,657.3600,656.5700,656.8500,1000
1418230770,656.9800,657.7400,656.5700,656.5700,2300
1418230818,657.8300,657.8300,657.8300,657.8300,200
1418231358,656.0000,656.4000,656.0000,656.4000,200
1418231651,656.0000,656.2400,655.8900,656.1300,3800
1418231895,654.6200,655.3100,654.5900,655.3100,1900
1418232280,654.0900,654.5000,653.3500,654.5000,3500
1418232597,653.1100,653.7400,653.0600,653.7100,1900
1418232730,652.1400,654.0400,652.1300,652.7500,1100
1418233171,652.0900,652.6450,651.5100,652.6450,4600
1418233499,652.6500,652.6500,651.7500,651.7900,2100
1418233779,652.5900,653.5700,651.9500,652.3100,2100
1418234085,652.7505,652.7800,651.6700,652.1100,2000
1418234367,652.3800,653.4199,652.0600,652.1750,3400
1418234558,653.5000,653.5000,652.4300,652.4300,1200
1418234900,653.9000,653.9000,653.9000,653.9000,200
1418235272,654.3600,654.3600,652.9000,653.0500,2500
1418235546,653.6701,654.2600,653.6701,654.1600,1400
1418235854,654.6300,654.6300,653.7100,653.7100,3800
1418236193,654.1800,654.9850,654.1800,654.8400,1100
1418236381,653.0100,653.8050,653.0100,653.8050,900
1418236724,653.1500,653.5900,653.1500,653.5400,800
1418236825,653.2000,653.2000,653.2000,653.2000,1200
1418237388,651.5000,652.0500,651.5000,652.0500,4100
1418237699,650.7300,652.0800,650.3600,651.9000,5100
1418237999,651.3875,651.7800,650.7300,650.7300,3100
1418238272,651.6800,652.1900,650.5350,650.5350,3200
1418238567,651.1120,651.4500,651.0500,651.2100,2200
1418238781,650.5500,651.1800,650.5500,651.1800,1000
1418239142,650.4580,650.5000,649.8000,650.5000,4700
1418239448,649.8000,650.4300,649.2462,650.1800,7700
1418239707,649.9400,651.0450,649.5800,649.5800,3100
1418240078,649.2200,649.8600,649.0000,649.8600,3000
1418240294,649.6600,650.1200,649.1800,649.1800,1200
1418240649,649.1600,649.9100,647.8000,649.7900,13700
1418240965,650.1400,650.7599,649.0000,649.0000,4200
1418241197,648.8800,648.8800,648.8800,648.8800,1700
1418241464,650.0600,650.1100,649.1800,649.1800,1100
1418241863,648.5545,649.7600,648.5545,649.7500,4700
1418242148,650.3900,650.3900,649.2100,649.2600,3600
1418242480,650.0000,650.4300,649.9800,649.9800,1400
1418242733,650.4900,650.5550,649.6100,649.9115,3800
1418243041,651.0600,651.2150,650.3700,650.4600,6800
1418243298,651.1100,651.1100,650.7600,650.9400,2200
1418243585,651.0300,651.2450,650.6800,651.0600,6000
1418243960,651.3200,651.8300,650.8300,651.5300,8200
1418244173,649.9300,650.7160,649.8000,650.7160,3400
1418244546,649.1200,649.9400,649.1200,649.8600,7500
1418244857,650.0700,650.1000,649.0400,649.2000,9300
1418245141,649.7800,650.9500,649.7800,650.2350,21600
1418245200,650.0400,650.0400,650.0400,650.0400,15900
1418308228,654.9018,654.9600,654.9018,654.9600,0
1418308747,655.5800,656.5500,653.5500,654.1300,7400
1418309046,655.6400,656.4778,655.3700,656.3100,4200
1418309285,656.7000,656.7000,654.6500,656.5900,2000
1418309597,657.7200,657.7600,656.8500,657.0000,4400
1418309843,656.2600,658.1400,656.2600,657.1600,3500
1418310295,657.4600,657.9200,656.9200,657.0700,1500
1418310575,657.9900,657.9900,656.4500,656.4500,1900
1418310844,658.9100,658.9100,657.9700,657.9900,2500
1418311144,657.9000,659.2900,657.5000,659.2900,7200
1418311408,656.9100,657.8100,656.9000,657.8000,3400
1418311750,657.0000,657.0500,656.4000,656.4000,5000
1418312094,656.8900,657.0200,656.7700,657.0200,1900
1418312349,657.0000,657.4200,656.5600,657.0600,800
1418312652,654.3700,657.4290,653.0000,657.0200,19900
1418312902,655.0990,655.1999,653.7267,655.1999,4800
1418313193,653.9900,654.8364,653.9800,654.8364,1400
1418313551,653.6900,654.0000,653.0000,654.0000,4400
1418313866,653.5918,653.8200,653.0700,653.0700,2500
1418314143,653.9000,653.9000,653.1200,653.3900,1500
1418314416,654.1200,654.4800,653.0000,653.6000,3800
1418314663,655.1200,655.3000,654.6000,654.6000,1500
1418314876,655.1390,655.5001,654.5500,655.4500,2800
1418315391,655.0000,655.6700,654.4999,655.4500,6900
1418315524,655.4500,655.5900,654.9700,654.9800,4000
1418315999,655.4500,655.7000,655.0000,655.0000,1800
1418316196,655.5700,656.3800,655.3900,655.6700,3700
1418316555,658.4999,658.5000,656.1400,657.0399,2600
1418316850,658.8300,659.6365,658.3300,658.5000,9900
1418317164,657.5500,659.2700,657.5500,658.5900,2400
1418317477,658.4000,658.4000,658.4000,658.4000,100
1418317681,658.4000,659.1100,658.0300,658.4000,900
1418317937,657.6540,659.2100,657.6540,658.5900,3100
1418318353,656.6300,657.8100,656.6100,657.6000,1900
1418318657,656.7700,657.1800,656.3200,656.4700,2600
1418318962,656.5600,657.6500,656.5200,657.6500,900
1418319290,657.3600,657.8000,656.2300,656.8000,3800
1418319868,656.2000,656.5500,656.1900,656.5500,1300
1418320099,657.2000,657.4200,656.2000,656.2000,2600
1418320477,657.6100,657.6100,657.0900,657.0900,500
1418320630,657.7500,658.0500,657.5900,658.0500,1700
1418321071,657.0500,657.5350,656.0000,657.1000,4800
1418321373,657.4900,658.0000,657.0500,657.0500,2300
1418321610,656.8800,657.3899,656.4300,656.4300,1100
1418321900,657.4620,657.6900,656.8200,656.8300,1500
1418322243,657.3000,657.3000,656.9550,656.9550,400
1418322381,656.5600,656.5900,656.4500,656.4500,1800
1418323069,656.1100,656.9400,656.1100,656.9400,1000
1418323444,657.2000,657.4100,656.3630,656.3630,2700
1418323927,657.0500,657.2100,657.0500,657.2100,1400
1418324243,656.6000,656.6000,656.6000,656.6000,500
1418324520,656.2000,656.4700,655.8800,656.0100,2200
1418324898,656.2400,656.2400,655.5670,655.5670,1400
1418325276,656.7450,656.7450,656.3300,656.5000,2300
1418325540,656.3471,656.7700,656.3471,656.7700,2100
1418325812,656.9000,657.0400,656.7100,657.0400,1500
1418326090,656.0000,656.2600,656.0000,656.2500,2200
1418326440,655.0000,655.6000,655.0000,655.5900,2900
1418326740,655.3300,655.7999,655.0000,655.4300,6000
1418327063,655.3000,655.6600,655.1400,655.6600,1500
1418327287,653.8000,655.1400,653.8000,655.1400,4100
1418327522,654.3800,654.7150,653.6900,653.8500,6600
1418327965,653.5100,654.5800,653.5100,654.5800,500
1418328282,654.0000,654.0000,653.5000,653.5400,3800
1418328546,654.4000,654.5899,654.2000,654.5899,1800
1418328854,655.5000,655.5000,654.1701,654.1701,1100
1418329027,655.1975,655.8500,655.1975,655.2700,1400
1418329488,656.0600,656.2400,655.4100,655.5300,2200
1418329629,655.3200,656.0000,655.3200,656.0000,1700
1418330046,656.2700,657.0900,655.7700,656.6500,10100
1418330354,656.0700,656.7099,655.2700,656.7099,4800
1418330650,655.7450,657.1100,655.3500,656.1100,7000
1418330989,654.7500,655.7450,654.7500,655.4000,6400
1418331290,653.5600,655.0100,653.3000,655.0100,8700
1418331541,654.6800,655.0600,653.8000,654.3900,11700
1418331600,654.3900,654.3900,654.3900,654.3900,10800
1418395125,658.1700,658.1700,652.7100,654.6480,0
1418395495,658.1550,658.1700,657.3300,658.1600,1700
1418395772,657.8450,658.4400,657.3000,658.1200,6800
1418396092,657.1100,657.5700,656.6300,657.5700,4200
1418396352,658.3443,658.3443,656.0700,657.1000,4700
1418396660,657.4200,657.7800,657.1161,657.7800,1500
1418396990,656.8100,658.3400,656.7700,658.3400,800
1418397295,655.0000,656.8750,653.5500,656.2200,4600
1418397554,655.4199,655.9800,655.2900,655.4800,2900
1418397792,654.4200,655.4000,654.2100,655.3600,2800
1418398046,655.5000,655.5000,654.4200,654.4200,3900
1418398421,656.9000,656.9000,656.9000,656.9000,100
1418398628,656.1200,656.5300,656.1200,656.2100,800
1418399086,655.4100,656.9700,655.4100,656.5300,4400
1418399287,656.9300,656.9300,656.0500,656.3900,900
1418399599,656.5300,657.3622,656.5300,657.3622,1400
1418399956,655.8300,656.3000,655.6200,655.8400,2500
1418400037,655.7850,655.7850,655.1100,655.1100,2300
1418400549,657.6800,657.8400,656.7180,656.7180,5900
1418400843,658.0000,658.0000,655.8900,657.3000,6300
1418401096,656.9700,658.0000,656.4600,657.9440,2300
1418401467,657.7100,658.1400,656.9800,657.7000,2900
1418401697,657.7900,657.9900,657.2000,657.9900,2400
1418402088,658.2599,658.2599,657.8900,657.8900,3600
1418402392,657.7900,657.9300,657.2400,657.6039,3400
1418402646,657.4100,658.3400,657.4100,658.2700,9100
1418402959,657.5001,658.1100,657.4000,657.6300,4200
1418403260,658.0700,658.2100,657.5900,657.5900,2000
1418403494,657.7500,658.4450,657.3100,658.0800,2500
1418403898,657.3000,657.3000,656.9800,657.2500,1200
1418404157,657.0000,658.1000,657.0000,658.1000,3000
1418404397,658.0800,658.0800,657.3700,657.3700,400
1418404774,658.0000,658.4600,658.0000,658.2700,1400
1418405042,658.4200,658.5300,657.6100,658.2599,2600
1418405397,660.9900,661.0000,657.6901,658.2550,9800
1418405644,660.8500,662.8100,660.5510,660.9900,11700
1418405949,660.6100,661.6900,659.3100,661.6900,4800
1418406266,659.1401,660.2000,659.1401,659.5300,2300
1418406583,660.2301,660.5300,659.9600,659.9600,1200
1418406840,659.5501,660.6400,659.5401,660.2401,2900
1418407161,659.2000,660.0950,659.1501,660.0000,1700
1418407484,658.2501,659.6800,658.2501,659.1850,2200
1418407762,659.9901,660.4150,658.2501,658.2501,2600
1418408072,659.1900,660.0600,658.7600,659.9400,1400
1418408285,660.3450,660.9500,659.6800,660.0600,2600
1418408597,661.0900,661.4200,660.8800,661.0000,3000
1418408987,661.4600,662.0800,661.0000,661.0000,2100
1418409017,661.8200,662.5100,661.6100,662.1700,2100
1418409581,661.7800,662.0000,661.6220,661.6220,400
1418409823,661.8100,661.8100,661.7950,661.7950,500
1418410096,662.1100,662.4400,661.8350,661.8350,2800
1418410447,662.6000,662.6700,662.2750,662.5800,1800
1418410684,662.4200,662.9900,662.4200,662.6750,2000
1418411097,661.6800,662.4190,661.5000,662.4190,5200
1418411287,661.3600,661.4210,661.3600,661.3900,1400
1418411587,661.2650,661.4696,661.0000,661.2100,1000
1418411737,661.2500,661.4800,661.2500,661.4800,500
1418412245,661.5900,662.0175,661.3700,661.5700,2400
1418412493,661.5000,661.8200,661.5000,661.8200,900
1418412733,662.4400,662.4400,660.7410,660.7410,1900
1418412978,661.8600,661.9800,661.5200,661.9800,3000
1418413486,661.1300,661.2000,660.9300,660.9310,2200
1418413753,661.5500,661.5500,661.0800,661.3200,1500
1418414041,660.7934,661.4600,660.6300,661.4600,2200
1418414313,662.1800,662.1800,661.2400,661.3200,1700
1418414593,662.4000,662.5000,662.0500,662.4900,3600
1418414894,662.1300,662.1300,661.5900,661.5900,1700
1418415253,661.4000,662.0800,660.8301,662.0800,2500
1418415543,661.1300,662.4100,661.1300,661.2400,8800
1418415848,661.3900,661.8300,660.8500,661.2200,5500
1418416105,662.0100,662.1100,662.0100,662.1100,1800
1418416447,661.4600,661.5300,660.8200,661.2350,1800
1418416746,660.1200,661.1800,660.0100,661.1800,5700
1418417046,660.1800,660.3400,659.5700,659.7900,8500
1418417392,659.6900,660.4200,659.1300,659.7800,8600
1418417644,658.8399,659.2300,658.0800,659.1000,11400
1418417942,657.6900,659.0620,657.2800,658.6600,22300
1418418000,657.6700,657.6700,657.6700,657.6700,14600
1418654063,660.2550,660.2550,659.6250,659.6250,0
1418654377,659.5000,661.1200,659.5000,660.4300,5600
1418654655,657.9600,660.0700,657.9500,659.7000,7000
1418654945,657.7000,657.9900,656.0000,657.8300,8200
1418655297,657.7800,659.3900,657.4100,657.5300,4700
1418655594,656.4117,657.5800,656.0301,657.0600,5800
1418655783,656.0300,657.1700,656.0300,657.1700,1800
1418656163,655.8800,656.5700,655.0001,655.0001,6300
1418656445,656.2500,656.2500,655.4700,655.4700,4100
1418656765,655.0000,656.5099,655.0000,656.4680,4100
1418657073,653.7400,655.3200,653.2500,655.3200,4900
1418657345,652.9700,653.7500,652.9700,653.7499,3700
1418657699,651.5000,653.3800,651.5000,653.3800,15400
1418657955,650.9300,652.1000,650.9300,651.5100,7200
1418658241,648.2900,650.7900,648.2900,650.5500,13800
1418658550,650.6580,650.7700,648.0100,648.5400,22600
1418658867,652.0800,652.4982,650.3300,650.3300,4600
1418659009,651.8300,652.1650,651.8300,652.0100,2500
1418659481,650.6700,651.8100,650.6700,651.3000,2400
1418659798,650.4200,650.7290,649.8400,650.6200,5000
1418660049,649.5640,650.3411,649.5640,650.1500,4400
1418660352,648.5100,649.5400,648.5100,649.3500,5600
1418660691,648.2200,649.7119,648.2200,649.7119,3200
1418660882,647.2500,648.5500,647.2280,648.5000,5300
1418661243,648.9800,649.1900,647.3600,648.0990,6200
1418661543,647.3701,648.8538,647.3700,648.8538,7300
1418661723,648.0100,648.0100,646.9100,647.0400,2100
1418662146,648.0380,648.1100,647.2950,648.0500,3800
1418662496,647.3950,647.4450,647.0300,647.2500,2400
1418662659,646.9400,646.9400,645.6600,646.4999,2900
1418663047,649.0100,649.0100,647.1500,647.1500,6600
1418663355,648.3700,649.7100,648.3700,649.1200,10800
1418663674,648.0000,648.6000,647.4200,648.4900,3800
1418663901,647.5999,647.5999,646.5000,647.1200,800
1418664199,647.3700,647.7300,647.3100,647.4100,2400
1418664555,648.9840,648.9840,647.6800,647.6800,2300
1418664847,647.4900,648.7100,647.4400,648.6620,4700
1418665140,649.4600,649.4600,648.0700,648.1300,5100
1418665449,650.7900,650.7900,649.3000,649.4400,9500
1418665755,653.0600,653.0600,650.8400,650.8850,8400
1418666019,654.4300,654.4300,652.4920,652.6100,3200
1418666385,655.6800,656.0000,654.2100,654.2100,8500
1418666530,655.1200,655.5000,654.5000,655.2400,6000
1418666943,653.6500,654.9500,653.4200,654.4100,5000
1418667260,651.3473,653.7500,651.3100,653.7500,2100
1418667598,652.2719,652.2719,650.7301,650.7301,2300
1418667866,652.9650,653.4199,651.3700,651.3700,2000
1418668157,652.0300,652.5300,651.7100,652.5100,2200
1418668431,651.6000,651.8670,651.5000,651.5200,3000
1418668747,653.1000,653.1000,652.3900,652.3900,1900
1418669049,652.5900,653.2150,652.5900,653.2150,900
1418669356,651.5000,652.8900,651.5000,652.6914,2200
1418669533,652.0600,652.0600,650.7600,650.7600,1700
1418669820,651.5050,651.8550,651.2700,651.6900,1200
1418670244,651.5700,652.0600,651.5700,651.8200,2300
1418670460,651.5300,651.7400,651.2600,651.7400,1700
1418670760,651.1400,651.5900,651.1400,651.5900,3000
1418671159,651.1800,651.3850,651.1100,651.3300,2800
1418671388,652.2300,652.4280,651.3200,651.4300,6500
1418671784,653.2600,653.5699,652.3400,652.3400,5500
1418672046,651.5700,652.8850,651.5600,652.0400,3300
1418672399,653.3600,653.5500,651.5400,651.5400,4500
1418672662,651.2000,653.4900,651.2000,653.4500,3900
1418672987,651.0400,651.0400,650.5200,650.5200,1500
1418673282,650.0600,650.6140,650.0400,650.2510,1100
1418673548,651.2800,651.2800,650.0800,650.0800,4700
1418673877,651.5001,652.2600,650.7850,650.7850,3200
1418674195,651.3140,651.9900,650.4700,651.0600,4500
1418674442,650.9550,651.9000,650.8900,651.0100,5600
1418674747,650.1700,650.7900,650.1700,650.3700,1900
1418675056,650.9000,650.9100,649.8000,650.1800,6000
1418675393,650.7100,651.8850,650.7100,650.9000,6000
1418675676,649.9200,650.6800,649.4900,650.1050,7100
1418675940,651.8500,652.1600,649.5800,649.5800,5800
1418676243,650.3500,651.1600,650.1300,650.8500,5800
1418676599,649.6500,650.1900,649.0400,649.9600,7800
1418676896,648.7700,649.7900,648.7600,649.0300,15500
1418677143,648.7400,649.5300,648.5900,648.8700,22100
1418677200,648.8300,648.8300,648.8300,648.8300,14800
1418740445,645.6500,648.9500,642.4999,648.9500,0
1418740690,646.4999,647.1600,643.5200,646.0000,7900
1418741046,646.2500,646.2500,646.2500,646.2500,3500
1418741160,646.5000,646.5000,646.2200,646.2200,2900
1418741672,644.5600,645.9399,644.5600,645.6200,2600
1418741956,642.0100,644.9634,642.0100,644.0700,6800
1418742256,642.8400,643.2700,641.4000,642.9800,4900
1418742551,639.9600,641.6200,639.7401,641.6200,10400
1418742854,637.7000,639.7961,637.5500,639.7961,6300
1418743141,641.6618,642.2600,637.5900,637.7600,6100
1418743407,641.0000,641.5000,640.4000,641.5000,3700
1418743797,641.0850,641.4900,639.5310,641.2200,4900
1418744059,638.9700,641.0020,638.7670,641.0020,5700
1418744315,638.0210,639.3100,638.0200,639.3100,2800
1418744659,638.4200,639.0000,637.5110,639.0000,5900
1418744946,640.0800,640.4100,638.9200,638.9200,6500
1418745287,643.0000,643.0000,639.4200,639.4300,6300
1418745555,644.2300,644.2300,642.9300,642.9300,5400
1418745840,643.3300,644.2800,642.6164,644.2200,2600
1418746083,643.0500,644.2540,642.5000,644.2540,3600
1418746420,642.9900,643.0600,642.7639,642.7639,1400
1418746778,643.9850,644.3900,643.2600,643.2600,1500
1418747048,645.2000,645.5000,644.3900,644.3900,3900
1418747366,645.8000,646.5850,645.2200,646.0000,13100
1418747694,647.3500,648.5800,645.7600,645.7600,8500
1418747970,646.9500,647.5900,646.4200,647.5900,2900
1418748256,646.9700,647.6000,646.2800,647.0900,800
1418748499,647.3699,647.3699,646.3500,646.3700,3000
1418748894,646.2200,647.7600,646.0000,647.3400,2500
1418749158,645.5500,646.4400,645.1200,646.4300,4000
1418749389,644.5000,645.7500,644.3300,645.7500,1800
1418749780,643.3800,644.6700,643.3800,644.5100,1400
1418750049,645.8100,646.0800,643.7032,643.7032,2000
1418750210,646.2900,646.3800,645.3700,645.4400,2500
1418750641,644.8299,646.0000,644.5000,646.0000,3500
1418750956,643.4300,644.5300,643.4300,644.0400,6000
1418751256,644.6700,645.1800,644.6050,644.6050,900
1418751455,645.6900,645.6900,645.1400,645.1400,500
1418751890,643.9300,645.7000,643.9300,645.7000,1600
1418752184,641.9100,644.0100,641.9100,643.2600,5200
1418752450,642.1500,642.6880,642.1336,642.4100,4800
1418752570,642.4405,642.5200,641.9500,641.9500,1600
1418752982,641.4800,642.7600,641.4800,642.7600,800
1418753383,641.0100,641.4900,640.5500,641.0600,2300
1418753678,640.4501,641.0800,640.4497,640.8700,1700
1418753958,639.6700,641.7800,639.6700,641.7800,1000
1418754255,640.3500,640.7450,639.6077,639.6600,2600
1418754558,640.0900,640.5600,639.5000,640.3500,3600
1418754880,639.9300,641.0400,639.9300,640.7800,2100
1418755140,640.8400,642.0740,639.9900,639.9900,2100
1418755414,640.8600,642.0700,640.8600,642.0700,600
1418755630,640.4800,640.4800,639.8300,639.8300,300
1418755807,641.8900,642.3100,640.8100,640.8100,1900
1418756341,640.9900,641.8700,640.5800,640.8600,1800
1418756570,641.7300,641.7300,641.1200,641.1200,1100
1418756979,640.9600,640.9600,640.1300,640.9400,1900
1418757262,640.7250,641.1400,640.1500,640.6100,15700
1418757588,639.9100,640.4700,639.6000,640.4700,3800
1418757668,640.0400,640.0400,639.9200,639.9200,200
1418758104,640.6737,640.6737,639.5200,639.5200,5400
1418758398,640.2500,640.4600,640.2500,640.4600,900
1418758694,640.2000,640.4600,639.7300,640.4600,2200
1418759000,640.2700,640.5500,640.0400,640.0400,700
1418759360,639.4900,639.6300,638.8000,639.5800,4100
1418759688,639.0950,639.2300,638.3135,638.3135,4500
1418759880,638.3000,639.1500,638.3000,638.8000,1900
1418760242,639.0700,639.5500,638.5000,638.5300,5300
1418760599,638.9400,639.5400,638.3400,638.9200,7700
1418760843,638.3400,639.6300,638.0600,639.1550,7000
1418761092,638.0400,638.1800,638.0400,638.0400,400
1418761499,636.5000,638.6700,636.1800,638.0000,13800
1418761758,634.6800,636.0100,634.1300,636.0100,14600
1418762056,635.7700,636.4000,633.6400,634.4600,11200
1418762346,635.5432,635.5432,634.2100,635.5410,7500
1418762685,632.7000,634.7800,632.7000,634.7800,9500
1418762996,634.1480,634.5000,632.6200,632.6200,12800
1418763297,634.3300,634.7000,632.4300,634.0800,21200
1418763548,633.7300,634.4900,633.1000,634.4100,39000
1418763600,633.5200,633.5200,633.5200,633.5200,13100
1418826840,638.9100,638.9973,636.0400,636.0400,0
1418827158,640.0931,640.4990,637.5777,637.5777,8100
1418827464,638.8500,640.2800,638.8200,640.2800,10800
1418827770,637.9800,639.7200,637.7100,639.4900,6600
1418827866,638.9900,639.5000,637.9800,637.9800,3900
1418828388,639.4500,639.9600,638.9200,638.9200,1100
1418828629,640.0850,640.5100,639.5000,639.5000,4300
1418828995,641.0600,641.0600,639.5500,640.5200,2000
1418829264,641.7926,641.7926,640.7100,641.3800,4400
1418829487,642.3900,642.3900,641.5200,641.5200,3500
1418829748,641.4100,641.4200,641.0000,641.3000,1700
1418830176,642.4999,642.4999,640.7301,642.2500,2200
1418830361,641.6225,642.1700,641.3100,642.1650,3200
1418830754,642.1800,642.9900,641.6300,641.6300,5500
1418830987,642.2680,642.8790,642.1700,642.8790,4200
1418831353,640.9600,642.0700,640.6500,642.0400,6600
1418831677,641.3500,641.7500,640.4900,640.8800,3800
1418831940,640.9900,642.6300,640.9900,641.5300,3800
1418832291,642.0000,642.1900,641.0000,641.8700,4800
1418832484,642.8800,642.8800,642.0165,642.0500,2300
1418832817,642.4100,643.3700,642.4100,642.5000,4600
1418833147,643.4700,643.7000,642.3700,642.6300,10800
1418833440,643.8000,643.8000,642.8605,642.8701,1000
1418833747,643.1500,643.7000,642.9900,643.3360,2200
1418834053,641.7000,642.9700,641.7000,642.7400,2500
1418834229,642.4200,642.4200,641.8000,641.8000,1800
1418834992,642.9600,643.8800,642.9600,643.5000,2200
1418835247,643.9600,644.1600,643.4100,643.6000,2700
1418835560,644.7900,644.9990,644.0250,644.3000,1800
1418835848,643.7500,644.9500,643.7100,644.9500,800
1418836175,643.7800,643.7800,643.6800,643.7100,1500
1418836308,643.3100,643.8900,643.3100,643.8900,700
1418836771,642.0900,642.7900,642.0900,642.7900,5600
1418837004,642.3600,642.7500,642.3600,642.4800,2600
1418837378,641.2800,642.4150,641.2100,642.4150,1400
1418837580,643.1900,643.1900,641.1800,641.1800,1700
1418837898,642.7200,642.7200,642.3400,642.6000,1000
1418838152,643.1523,643.1523,642.0101,642.4400,1700
1418838589,642.7900,643.0100,642.7900,642.9000,700
1418838749,643.9300,643.9300,643.0000,643.0000,2000
1418839140,644.2900,644.3599,643.4000,644.3100,700
1418839453,643.8100,644.8550,643.8100,644.3500,2600
1418839799,644.9799,644.9799,644.6340,644.6340,700
1418840011,645.2600,645.2600,644.6100,644.7800,2000
1418840210,645.4900,645.4900,644.8000,645.2100,800
1418840594,645.4500,645.5128,644.9300,644.9300,900
1418840991,645.4050,645.7200,645.0600,645.1500,1100
1418841266,645.6600,646.4300,645.2000,645.7200,9600
1418841495,646.6700,646.6700,645.2800,646.3600,7900
1418841728,646.7600,646.7600,646.7600,646.7600,600
1418842084,645.6500,646.8600,645.6500,646.8600,3600
1418842433,646.1400,646.1400,645.7800,645.7800,1400
1418842787,647.6000,647.6000,646.4000,646.4800,6300
1418843090,649.3960,650.9600,648.8500,648.8500,9100
1418843287,650.8600,651.5800,649.8889,650.5300,5200
1418843607,650.7195,651.5800,649.8400,650.5500,9900
1418843953,650.5100,650.8200,649.4700,650.8200,2600
1418844193,649.1200,649.3000,649.1100,649.2395,900
1418844482,649.1100,650.0100,648.7200,650.0100,5100
1418844844,648.5500,648.5500,647.5900,648.4999,8700
1418845182,649.2200,649.5000,649.0100,649.0900,2200
1418845470,648.3100,648.8300,646.7900,648.8000,3500
1418845747,647.3800,647.6600,646.7200,646.9500,4200
1418846010,647.5600,647.5600,646.4006,646.4006,2100
1418846373,646.2200,648.3700,646.2200,648.2900,4200
1418846645,644.5000,646.0600,644.0000,646.0600,4900
1418846994,643.9800,644.3100,643.9700,644.3100,1100
1418847192,644.8300,645.0000,643.7700,643.7700,2200
1418847585,645.7500,645.7500,645.2500,645.2500,2400
1418847856,645.2400,646.0000,644.8800,645.8500,6900
1418848170,646.5000,646.5000,645.1800,645.5600,6400
1418848380,647.8300,647.8300,646.4000,646.4000,3900
1418848653,646.7550,647.1700,646.7550,646.9400,1200
1418849075,649.5150,649.5150,647.6500,647.6500,6700
1418849347,649.4400,649.9150,648.7400,649.0700,10500
1418849644,647.6200,649.2700,647.6200,648.9500,5700
1418849999,648.6900,648.9400,647.8400,647.8900,17700
1418850000,649.1500,649.1500,649.1500,649.1500,27600
1418913127,657.7401,657.7401,657.7401,657.7401,0
1418913540,655.8600,658.2400,655.6600,658.2400,11900
1418913844,655.3550,655.5650,655.0500,655.3130,2600
1418914152,653.0000,656.3100,653.0000,655.9350,6300
1418914498,654.0800,654.7450,652.2700,653.8700,3100
1418914742,652.0900,654.0000,651.5500,652.5250,7900
1418915041,652.4300,652.4300,651.4300,651.6400,4300
1418915347,651.1150,652.2775,650.6900,651.7400,8700
1418915592,652.2200,653.0528,651.3400,651.3400,2000
1418915785,652.6000,652.6000,652.4100,652.4100,600
1418916244,650.1200,651.9500,650.1200,651.9500,4100
1418916542,650.0080,650.6199,649.1800,650.6199,4500
1418916823,650.1900,650.4600,650.1900,650.4600,1200
1418917032,649.6400,650.4242,649.4700,649.6900,3600
1418917467,648.0900,649.0000,647.7300,649.0000,2300
1418917663,647.6100,648.2700,647.6100,648.1200,1300
1418918078,647.7700,648.5232,647.7700,648.0380,1200
1418918523,648.3700,648.4900,647.7500,648.4900,1900
1418918911,647.9600,648.5700,647.9600,648.2500,800
1418919281,648.4800,648.4800,647.8100,648.4000,1700
1418919592,648.2100,649.0600,647.7501,648.5200,3300
1418919855,648.8100,648.8100,648.1300,648.2400,1800
1418920154,647.7800,647.7800,647.7800,647.7800,300
1418920443,649.0300,649.0300,647.9000,648.7550,3100
1418920787,649.1600,649.1600,648.5900,648.7000,4200
1418920869,649.1695,649.1695,649.1695,649.1695,1100
1418921378,648.6000,649.1900,648.6000,649.1900,1300
1418921673,648.3000,648.6400,647.7100,648.6400,600
1418921831,648.2400,648.9400,648.0000,648.0000,1800
1418922196,647.5900,648.1400,647.5900,648.1400,1000
1418922542,647.5700,647.8400,647.3450,647.5900,6800
1418922857,647.7200,647.8500,647.2200,647.5800,4200
1418923175,647.4500,647.4800,647.0100,647.3500,600
1418923465,645.8600,647.0100,645.8600,647.0000,2600
1418923571,646.1900,646.1900,645.8600,646.0000,1600
1418923950,647.7000,647.7000,646.5100,646.5100,1600
1418924348,647.5500,647.8300,647.3000,647.8150,1600
1418924682,648.1400,648.2900,647.7100,648.1600,3500
1418924941,648.4300,648.4300,647.9800,647.9800,1600
1418925295,648.6840,648.9800,648.2380,648.7700,6000
1418925503,651.0000,651.0199,649.0799,649.0799,4000
1418925889,650.6750,650.9875,650.6750,650.8500,800
1418926144,651.1550,651.8000,650.6100,650.7700,4100
1418926299,651.6975,651.6975,651.6975,651.6975,200
1418926643,650.8600,651.6750,650.8600,651.1700,1700
1418927044,651.2900,651.7725,651.0700,651.0700,1900
1418927111,651.8100,651.8100,651.8100,651.8100,400
1418927546,651.4000,651.4825,651.0750,651.4000,500
1418927966,652.1425,652.1425,651.3450,651.5000,2000
1418928082,651.6800,651.8900,651.5400,651.8400,2900
1418928596,651.6300,652.1300,651.2500,652.0000,4600
1418928847,651.6101,652.4900,651.6101,652.0035,900
1418929161,653.1700,653.5600,652.4500,652.5000,3200
1418929475,653.4589,653.9000,653.1000,653.1451,4200
1418929782,651.5895,652.9300,651.5895,652.9300,2500
1418930067,651.7700,652.4900,651.5001,651.6500,1500
1418930389,653.1200,653.4400,651.8500,651.8500,2900
1418930649,653.0300,653.5300,653.0300,653.5200,2800
1418930985,651.9200,652.7000,651.6900,652.3000,4300
1418931143,652.0600,652.0600,651.9300,651.9300,800
1418931568,652.1300,652.1300,650.9600,651.5400,2100
1418931720,651.8100,652.3700,651.4600,651.4600,1100
1418932101,650.7000,652.3200,650.7000,652.3200,2800
1418932459,651.1800,651.2600,650.7550,650.7550,2300
1418932750,651.4050,651.9500,651.4050,651.9500,700
1418933041,653.1700,653.1700,651.8950,651.8950,2000
1418933283,652.6650,653.4400,652.0800,653.4400,2700
1418933699,653.0000,653.2000,652.4180,652.5900,4000
1418933982,652.6040,654.0000,652.6040,653.0000,4800
1418934248,652.5575,653.2490,652.2900,652.5900,7700
1418934549,652.5369,653.0700,652.4200,652.4250,6600
1418934842,653.5100,653.9660,652.6250,652.6250,7500
1418935143,653.6100,653.9500,653.2500,653.8700,14400
1418935489,654.8600,655.3300,653.4900,653.4900,9400
1418935741,654.0000,655.2400,653.8050,655.2400,21400
1418936092,654.7700,654.8600,654.1450,654.2300,13500
1418936399,655.4000,655.4000,654.2700,654.7700,25000
1418936400,655.6000,655.6000,655.6000,655.6000,19000
1418999550,658.5000,658.5000,656.3500,658.5000,0
1418999965,657.5200,658.0650,657.4800,658.0100,4700
1419000258,655.0000,656.9700,654.9500,656.9700,2300
1419000579,652.7300,654.6900,652.7300,654.5000,5900
1419000848,653.3740,653.9200,653.2100,653.3400,2200
1419001034,652.4000,653.3400,652.3500,653.3400,2200
1419001440,651.7200,652.2200,650.0000,652.0900,10100
1419001788,651.7139,651.7139,650.4660,651.0800,4600
1419002069,651.8800,652.3210,650.9700,650.9700,2200
1419002309,651.6400,651.9900,651.5500,651.9900,1100
1419002699,653.0400,653.5400,652.0938,652.0938,5200
1419002940,650.0000,653.0900,650.0000,653.0900,9300
1419003242,651.7700,651.7700,648.7900,649.7700,14200
1419003558,651.7300,651.7400,651.3200,651.5700,2500
1419003847,652.6100,653.3300,652.2750,652.4400,3900
1419004097,653.2650,653.2650,652.5700,652.5700,400
1419004484,653.4900,653.4900,652.3900,653.0400,6000
1419004743,653.9700,654.0601,653.2110,653.2110,4300
1419005042,654.2900,654.4100,653.7400,653.8100,6200
1419005361,651.8900,654.1800,651.8900,654.1800,9100
1419005663,652.2100,652.7100,651.6400,651.9700,3900
1419005852,652.5000,652.5000,651.7300,652.4800,4200
1419006001,652.1600,652.1600,652.0900,652.0900,400
1419006580,651.0700,651.9100,651.0700,651.9100,2200
1419007459,650.4008,650.5800,649.9450,649.9450,2700
1419008059,650.4900,650.4900,650.1100,650.4600,1900
1419008345,649.7300,650.0200,649.6700,650.0200,2000
1419008644,649.6080,650.0672,649.5675,649.5675,1500
1419008885,649.3900,649.3900,649.0300,649.3100,2000
1419009242,649.4100,649.4100,649.1559,649.1559,900
1419009598,649.3800,649.8200,649.2350,649.2800,3800
1419009797,649.0699,649.0699,648.2400,649.0400,4500
1419009975,648.2900,648.3600,648.2900,648.3600,500
1419010404,648.5154,648.7700,648.2500,648.2500,1600
1419010684,648.8100,648.8100,648.4300,648.4300,500
1419011072,649.5000,649.5000,648.5900,648.6150,2800
1419011343,650.0200,650.2900,649.5200,649.5200,1600
1419011580,651.1280,651.4100,650.1500,650.1500,3100
1419011919,651.6900,651.8700,651.1100,651.1100,2700
1419012282,651.2200,651.8700,651.2200,651.8100,5300
1419012559,651.1650,651.7500,651.1650,651.2472,3200
1419012784,651.0500,651.2500,651.0000,651.2500,3800
1419013040,651.2700,651.2700,651.0200,651.2100,700
1419013488,650.7400,651.1900,650.7400,651.1900,4500
1419013781,650.4700,650.4700,649.9200,650.0300,3300
1419013996,651.0000,651.0000,650.4900,650.4900,3000
1419014383,650.8580,650.8580,650.2500,650.5600,1100
1419014658,650.5500,650.5500,650.5000,650.5000,900
1419014918,650.7000,650.7000,650.7000,650.7000,100
1419015139,650.6500,650.6500,650.6500,650.6500,1300
1419015884,650.6600,650.6600,650.2500,650.3700,2700
1419016098,650.3600,650.6400,650.3100,650.4141,1300
1419016440,650.9852,650.9852,650.5350,650.5800,7500
1419016797,650.4400,650.5000,650.3050,650.5000,1400
1419017059,650.3300,650.6273,650.3200,650.6273,2100
1419017377,650.6600,650.6600,650.3400,650.3400,300
1419017600,650.9000,651.0000,650.6100,650.6600,7300
1419017968,650.7300,650.9200,650.5700,650.8000,4900
1419018244,650.5100,651.0800,650.5100,650.6400,3000
1419018584,651.0000,651.0000,650.6100,650.9100,3400
1419018846,651.0000,651.1200,651.0000,651.0500,7200
1419019170,650.6000,651.1700,650.4001,651.0000,4100
1419019450,651.1200,651.1200,650.6800,650.9200,3300
1419019798,651.1600,651.2300,650.5300,650.9800,4000
1419020066,651.4600,651.4600,650.9850,651.1700,3500
1419020343,651.8380,651.8380,651.3803,651.5500,3200
1419020642,652.6600,653.1900,651.9200,651.9700,6200
1419020969,653.2400,653.2400,652.2900,652.3850,2600
1419021245,653.6550,653.7500,653.2400,653.2400,8500
1419021596,653.9200,654.0500,653.5900,653.5900,4400
1419021780,653.4500,653.9000,653.4500,653.7600,8500
1419022080,652.4300,652.7000,652.1070,652.6200,10600
1419022445,650.9400,652.2750,650.4101,652.1200,12800
1419022740,651.4600,652.0600,650.7420,650.9200,24800
1419022800,651.4200,651.4200,651.4200,651.4200,41800
