1418049241,527.2800,527.6400,525.0000,526.5100,126700
1418049542,529.6500,530.6400,527.6400,527.6400,116900
1418049899,530.6100,530.7100,529.6481,529.8500,66200
1418050140,530.1600,531.0000,529.9700,530.6000,72200
1418050441,529.4300,530.6600,529.4200,530.1800,68500
1418050740,529.4800,529.6100,528.5500,529.4550,47500
1418051042,529.9800,530.0000,529.4070,529.5700,51900
1418051351,530.0400,530.2800,529.8000,530.0000,27100
1418051699,529.2100,530.1800,529.2000,530.0204,27300
1418051945,528.1000,529.3600,528.0300,529.2800,29600
1418052244,528.3200,528.4000,527.9700,528.2500,27800
1418052542,527.8500,528.4900,527.6710,528.0100,35200
1418052846,527.8200,527.9700,527.3100,527.9300,26600
1418053144,528.5900,528.7400,527.7200,527.8200,13300
1418053457,529.4800,529.4800,528.5900,528.5900,25300
1418053741,529.8400,529.9300,529.5000,529.6000,11000
1418054042,529.3760,529.9100,529.3400,529.8500,18200
1418054341,529.1000,529.4400,528.9400,529.4400,17700
1418054646,529.0250,529.1900,528.9400,529.0900,12900
1418054941,528.4400,529.2300,528.3700,529.0500,21600
1418055241,528.3700,528.7400,528.2600,528.4699,7400
1418055546,527.7500,528.4700,527.5170,528.3200,23200
1418055895,529.3500,529.3500,527.6400,527.6400,29400
1418056149,530.3000,530.3000,529.0300,529.3500,20900
1418056448,529.8600,530.7200,529.6500,530.4000,19200
1418056764,529.7600,530.1400,529.4701,529.8400,16500
1418057090,529.8400,529.9060,529.5300,529.8100,8900
1418057378,529.5100,530.0100,529.4900,529.7200,19100
1418057641,529.6600,529.9500,529.3000,529.4700,14600
1418057945,530.0400,530.0500,529.6420,529.6500,10400
1418058241,529.6400,529.8830,529.4100,529.8800,8300
1418058576,529.4300,529.5500,529.1000,529.5100,12200
1418058841,528.3400,529.2399,528.3400,529.2399,17800
1418059149,527.3300,528.2900,526.7600,528.2900,27100
1418059456,526.6100,527.2400,526.4100,527.2400,16700
1418059741,526.2400,526.6900,526.0000,526.4001,18600
1418060088,526.6700,526.7600,525.8700,526.0800,12900
1418060352,526.6900,526.8700,526.2700,526.6600,12400
1418060661,527.4760,527.4760,526.7200,526.8000,12100
1418060948,527.7600,527.8500,527.3400,527.4500,14800
1418061244,527.7900,528.2592,527.6300,527.8400,14100
1418061549,527.6300,527.8500,527.0100,527.5600,14500
1418061840,527.2400,527.7600,526.8700,527.6000,11200
1418062152,526.8600,527.7600,526.8600,527.2050,15500
1418062445,526.5900,526.8900,526.2734,526.8600,13100
1418062756,525.6100,526.6200,525.6100,526.6200,7700
1418063098,525.2600,525.6000,525.0400,525.5600,15900
1418063341,525.9500,526.3700,525.1300,525.2500,22300
1418063641,525.2800,526.0199,525.1000,525.7900,16700
1418063942,525.5600,525.8089,524.8300,525.0700,30900
1418064247,525.2000,525.4800,524.9100,525.4800,11800
1418064559,525.7100,525.7800,525.1450,525.1799,17300
1418064795,526.3700,526.8000,525.5901,525.6700,9700
1418065141,525.9900,526.4000,525.9600,526.3190,16400
1418065450,525.2250,526.0000,525.0100,526.0000,22300
1418065752,525.3700,525.5300,525.0890,525.1130,20900
1418066049,524.4600,525.2600,524.4200,525.2600,26800
1418066342,525.0100,525.1700,524.4000,524.4600,15400
1418066643,526.2000,526.2000,524.8450,524.9200,21700
1418066941,526.3200,526.5100,525.8700,526.2500,17400
1418067249,526.2100,526.5300,525.9200,526.2200,14400
1418067540,525.7100,526.1200,525.6900,526.1200,15300
1418067843,526.8200,526.8500,525.7800,525.8500,25600
1418068150,526.6800,527.0000,526.6700,526.8400,28300
1418068443,526.3500,526.6800,526.2200,526.6800,29800
1418068742,525.1300,526.3500,525.1300,526.3400,28700
1418069044,525.1300,525.6400,524.4100,525.1350,43900
1418069353,524.3800,525.2000,524.3800,525.0350,15300
1418069645,524.1200,524.6800,524.1200,524.3600,16300
1418069941,523.8800,524.3300,523.7900,524.2000,36600
1418070244,524.9100,525.1800,523.8500,524.0000,37700
1418070542,524.3600,525.3000,524.3500,525.0000,20800
1418070848,525.0700,525.5900,524.5200,524.5300,31400
1418071160,524.9900,525.2520,524.9200,525.0800,20000
1418071442,525.1200,525.3800,524.6700,525.0700,25000
1418071741,525.3000,525.5900,524.8000,525.1290,32400
1418072096,526.5900,526.7000,525.0400,525.2600,43800
1418072340,527.0000,527.4100,526.7300,526.8400,347800
1418072400,526.9800,526.9800,526.9800,526.9800,0
1418135653,522.7801,523.7400,522.4400,522.6400,0
1418135945,523.0000,523.2000,521.9000,522.6800,53400
1418136242,525.4100,525.8900,522.4800,523.0500,60700
1418136551,524.4000,525.6500,523.7900,525.4900,45400
1418136840,522.9900,524.7100,522.6504,524.3800,29100
1418137144,522.9000,523.2942,522.5800,522.7700,26000
1418137457,522.7100,523.8800,522.5001,523.0000,42300
1418137740,522.4200,522.8200,522.0000,522.6200,39700
1418138099,521.3900,522.5100,520.7000,522.3800,56900
1418138342,521.6300,521.7669,520.9000,521.4000,32000
1418138687,522.1200,522.3700,521.7901,521.9390,12800
1418138947,521.7700,522.1500,521.5600,521.9800,31100
1418139261,521.0000,521.6700,520.5000,521.5100,17500
1418139545,521.4400,521.6400,520.7400,521.0100,31000
1418139899,521.2100,521.6900,521.1500,521.3800,15200
1418140141,521.5800,521.7500,521.2200,521.2200,17700
1418140440,522.8200,522.9000,521.5900,521.7150,25100
1418140743,522.9800,523.2100,522.6500,522.9700,18400
1418141045,522.9900,523.2000,522.8800,523.0800,18100
1418141341,522.8500,523.2500,522.5200,523.1000,16900
1418141644,523.2400,523.2600,522.5850,522.5850,17400
1418141941,523.8799,524.0800,523.1900,523.2501,27600
1418142247,525.4000,525.6100,523.7200,523.7800,20000
1418142541,526.5500,527.1250,525.5101,525.5500,31500
1418142841,526.2300,526.7400,526.0901,526.7400,18800
1418143145,525.3900,526.2400,525.1100,526.1600,21300
1418143447,525.4950,525.5700,525.2300,525.3000,12400
1418143740,525.2000,525.4650,524.7000,525.4203,27900
1418144092,524.8900,525.3000,524.6700,525.1300,6800
1418144344,524.8000,525.7100,524.8000,525.0300,13800
1418144645,524.2500,524.8050,523.8400,524.7810,16400
1418144962,524.5900,524.7700,524.3000,524.3000,5600
1418145253,524.6300,524.8200,524.5300,524.5900,3700
1418145570,524.0700,524.7200,523.8901,524.7200,14300
1418145848,524.3868,524.4300,523.9400,524.2800,9400
1418146190,525.7500,525.9000,524.5080,524.5080,7500
1418146499,526.4800,526.4800,525.7500,525.8700,11000
1418146754,528.0000,528.0400,526.4100,526.4800,24500
1418147053,527.1801,528.3500,527.1801,528.2400,11100
1418147348,528.8000,528.8000,527.1601,527.2000,29000
1418147665,528.5480,528.8900,528.3800,528.8900,11400
1418147953,528.6600,529.0000,528.4300,528.6900,15400
1418148240,529.0000,529.0000,528.1600,528.7400,11300
1418148545,529.0300,529.2799,528.9700,529.0800,10900
1418148848,529.3000,529.3900,528.9600,529.2000,19400
1418149163,529.4500,529.6800,529.2300,529.3000,16300
1418149440,529.6900,529.7800,529.2801,529.5600,38300
1418149745,529.4700,529.7600,529.3100,529.6500,22200
1418150040,531.1300,531.1500,529.4600,529.5000,38200
1418150344,531.3425,531.4800,530.8600,530.9600,25400
1418150641,530.6600,531.3600,530.5500,531.3100,9300
1418150945,530.2300,530.7000,529.9300,530.6100,15500
1418151253,530.1600,530.2500,529.5400,530.1000,16300
1418151540,530.4000,530.5000,529.9400,530.0300,8200
1418151899,530.5600,530.7300,530.2600,530.4800,10000
1418152152,531.0700,531.1000,530.4400,530.5220,12800
1418152453,530.1500,531.2600,530.1100,531.0800,22300
1418152743,530.1200,530.7200,530.0524,530.4100,12100
1418153046,530.7100,530.7350,530.1100,530.1200,10400
1418153344,530.6000,530.8200,530.3230,530.7500,9100
1418153644,529.4200,530.5700,529.4200,530.4500,7600
1418153944,529.8100,529.9500,529.3100,529.3100,8000
1418154257,529.9200,530.0100,529.4600,529.7000,6200
1418154540,530.1500,530.2600,529.7160,529.7160,7400
1418154785,529.6800,530.3900,529.5668,530.0450,10100
1418155140,530.6500,530.6500,529.8000,529.8000,10300
1418155442,531.2800,531.5800,530.7050,530.7500,10700
1418155744,530.5600,531.3400,530.3700,531.2000,11500
1418156045,530.4550,530.7799,530.3440,530.7799,7500
1418156383,530.6714,530.9000,530.4000,530.4000,6900
1418156647,530.2900,530.7060,530.2700,530.5900,14500
1418156947,530.7200,531.0900,530.2900,530.3500,32500
1418157299,530.7200,531.3200,530.5050,530.6000,13800
1418157543,531.2000,531.2000,530.4900,530.7900,18100
1418157845,531.8700,531.9999,531.1000,531.2200,24400
1418158144,532.0900,532.2100,531.5001,531.8700,32500
1418158442,533.1500,533.1500,531.9400,532.0150,58500
1418158740,533.4300,534.1900,532.9700,533.1200,242600
1418158800,533.3700,533.3700,533.3700,533.3700,0
1418222047,531.3450,532.6300,531.2500,532.6300,0
1418222353,533.9700,533.9800,530.7700,531.4500,50200
1418222696,535.4800,536.0000,533.8600,533.9150,64600
1418222998,534.5800,535.5200,534.2700,535.2900,30800
1418223298,534.2700,534.5800,533.5800,534.5800,41100
1418223542,534.0000,534.9300,534.0000,534.0150,29300
1418223893,533.2750,534.3200,533.1000,534.2300,26600
1418224161,534.0800,534.4900,533.3200,533.3300,31900
1418224441,534.9900,535.4700,534.0000,534.3800,53700
1418224794,535.2050,535.8100,534.2950,535.1700,19600
1418225044,535.6900,536.3300,535.2500,535.4050,33300
1418225399,535.7300,536.1000,535.1100,535.6550,26200
1418225649,533.8700,535.8400,533.6450,535.7100,31100
1418225945,534.3400,534.5750,533.7500,534.4700,17700
1418226241,534.6700,534.9800,533.9100,534.3600,36000
1418226540,534.8000,535.3500,534.4000,534.4000,19400
1418226863,535.3700,535.3700,534.3300,534.8850,17800
1418227142,535.8000,536.0200,535.3400,535.4100,17400
1418227454,534.5950,535.8899,534.4450,535.8899,11800
1418227743,534.2500,534.7000,534.0100,534.2500,7900
1418228066,533.2700,534.0100,532.9800,534.0100,10900
1418228354,532.1700,533.4200,532.1200,533.2500,9500
1418228693,533.1100,533.1100,531.6450,532.1100,16500
1418228945,532.2600,532.9900,532.1400,532.7800,11500
1418229248,532.4300,532.7660,532.0200,532.0200,13900
1418229563,533.4000,533.5999,532.4800,532.7400,8600
1418229892,533.3200,533.7000,533.1850,533.4000,6700
1418230154,533.5500,533.7599,532.9400,533.3200,9200
1418230449,534.4100,534.8100,533.7950,533.8000,11800
1418230794,534.7799,534.7799,534.2200,534.4550,4800
1418231044,534.0700,534.6500,533.7400,534.6300,9700
1418231352,533.7450,534.0800,533.6000,534.0800,10900
1418231689,533.6900,533.8160,533.3400,533.8160,7700
1418231942,531.9300,533.5200,531.6300,533.5100,20000
1418232252,532.5600,532.8556,531.8100,531.8101,10500
1418232540,531.9100,532.5299,531.9100,532.4400,9200
1418232873,531.9000,532.2900,531.5400,532.0000,8800
1418233153,532.0200,532.4400,531.6400,531.8200,7000
1418233452,532.9300,532.9300,531.9200,532.1900,9200
1418233745,532.8300,532.9628,532.4000,532.8300,7600
1418234071,532.9200,533.2800,532.6300,532.6300,6600
1418234354,532.6400,532.9300,532.5000,532.8200,7600
1418234645,532.9100,533.0200,532.5000,532.7700,8200
1418234954,532.4000,532.7400,532.2700,532.7400,5700
1418235244,533.0100,533.0500,532.2400,532.3900,6600
1418235553,533.2200,533.2200,532.8300,533.1600,5100
1418235847,532.5301,533.1100,532.5301,533.1100,8300
1418236148,532.3550,533.1000,532.1700,532.7060,16900
1418236442,531.1700,532.5200,531.0100,532.3650,33100
1418236755,531.3799,531.4600,530.8000,531.4600,6500
1418237054,530.9600,531.1300,530.6710,531.1300,14000
1418237344,529.3500,530.7650,529.2700,530.7100,23600
1418237675,529.5900,530.0660,529.2850,529.2850,15900
1418237943,529.4400,529.9000,529.2100,529.5300,15500
1418238257,529.4200,529.6800,528.7000,529.5300,11900
1418238599,528.9200,529.6000,528.7100,529.4450,14200
1418238862,528.2800,529.1800,528.2800,528.9000,11900
1418239156,529.0010,529.0700,528.2100,528.2100,9000
1418239448,527.5100,528.8300,527.5100,528.8100,15600
1418239747,528.1730,528.4900,527.8700,527.8700,11700
1418240052,528.3900,528.3900,527.7000,528.2100,14900
1418240355,527.8425,528.6350,527.6600,528.3100,18600
1418240672,527.6300,528.4230,527.5100,527.7000,13700
1418240951,527.9500,528.4000,527.1805,527.6450,17600
1418241248,527.5300,528.1000,527.3000,528.0000,9800
1418241540,526.8400,527.6900,526.8300,527.6150,20900
1418241856,526.3900,527.2500,526.2700,526.8100,17100
1418242148,526.7200,527.0500,525.9400,526.3600,19600
1418242447,526.8500,527.0000,526.5800,526.7300,17900
1418242745,527.7500,527.7560,526.6300,526.7500,25700
1418243046,527.6900,528.0200,527.3800,527.7900,18700
1418243350,527.9900,528.1000,527.5900,527.5900,17500
1418243697,528.4300,528.4630,527.6800,527.9500,24300
1418243942,527.8900,528.5000,527.7300,528.5000,21000
1418244252,527.1000,527.9500,526.8700,527.8300,23500
1418244598,525.9600,527.1350,525.9600,527.0700,33900
1418244842,526.1200,526.6100,525.5900,525.9200,73900
1418245140,526.1400,526.5700,525.7300,526.5000,236300
1418245200,526.0600,526.0600,526.0600,526.0600,0
1418308441,531.3400,531.3400,527.2500,527.4600,0
1418308794,531.4600,532.0400,530.4800,531.7300,29900
1418309040,530.2097,531.8042,529.8700,531.6700,42400
1418309399,529.6674,530.0100,529.2900,529.6000,30800
1418309650,529.3600,530.2000,529.3600,529.5500,19300
1418309943,529.3600,529.7100,529.2800,529.6800,18200
1418310297,528.5100,529.3300,527.6600,529.3300,31700
1418310556,528.0100,528.8408,528.0100,528.6700,31600
1418310844,528.0350,528.2700,527.2200,528.0000,35400
1418311141,528.5032,528.7500,528.0600,528.0800,21900
1418311440,529.0700,529.5000,528.2200,528.6200,45100
1418311749,530.0800,530.1400,528.8000,528.8800,29700
1418312045,530.8300,530.8300,529.5100,530.1100,22000
1418312343,532.1200,532.2400,530.5720,530.9500,30700
1418312643,532.1400,532.3000,531.3610,532.2050,24900
1418312959,531.8000,532.5000,531.3244,532.2000,18500
1418313247,532.1950,532.3000,531.4800,531.5100,13700
1418313554,531.3600,532.4109,531.3600,532.1950,17800
1418313841,531.2300,531.6400,531.0000,531.1800,17500
1418314181,531.7800,531.9200,531.1200,531.2100,10800
1418314443,532.0600,532.1400,531.3900,531.7600,27400
1418314756,532.5200,532.7900,531.9700,532.0900,13800
1418315041,532.5000,532.8500,531.7800,532.5200,16100
1418315341,532.2400,532.7400,532.2400,532.4150,13900
1418315659,532.6500,532.8800,532.1600,532.3550,12100
1418315940,533.3200,533.4000,532.3700,532.7400,23900
1418316284,532.9000,533.5800,532.5800,533.4377,9900
1418316489,532.7300,532.8299,532.4600,532.7950,7800
1418316843,533.0400,533.1700,532.6500,532.6500,10800
1418317165,532.8801,533.2600,532.7700,533.2000,14100
1418317450,533.3000,533.4600,532.9500,533.0400,10700
1418317743,532.9000,533.4600,532.8400,533.3300,10300
1418318043,532.5800,533.0890,532.5000,532.8500,8900
1418318340,532.2600,532.6300,532.0100,532.3800,10400
1418318643,532.0700,532.6300,532.0700,532.5250,3800
1418318979,531.7950,532.1700,531.6700,532.0700,8900
1418319261,531.1950,532.0100,531.1950,531.8800,5900
1418319549,531.4300,531.4500,531.1300,531.3000,5700
1418319845,531.6550,531.8900,531.2600,531.4300,18400
1418320144,532.8600,533.2600,531.5500,531.5500,10100
1418320499,533.1800,533.5700,532.9600,532.9700,9300
1418320742,533.1036,533.9200,533.1036,533.2050,12900
1418321046,532.9550,533.3100,532.9308,533.2400,10000
1418321343,533.1500,533.1500,532.7450,532.8400,17800
1418321643,532.5400,533.1700,532.5200,533.1700,11100
1418321945,532.2700,532.7600,532.2300,532.7600,13600
1418322241,532.0900,532.4900,531.9920,532.2000,6000
1418322585,532.3400,532.6400,532.0800,532.1700,6400
1418322868,532.6500,532.9000,532.3300,532.4200,10200
1418323143,532.2900,532.9050,532.1400,532.6400,7200
1418323469,532.7600,533.0000,532.3600,532.5000,9600
1418323762,533.0000,533.0000,532.4900,532.7800,6000
1418324040,532.6780,533.0000,532.4900,532.9400,9700
1418324350,532.1700,533.0000,532.1300,533.0000,22700
1418324643,532.4600,532.4600,532.0000,532.1000,16900
1418324947,532.0600,532.4800,531.8300,532.3700,16100
1418325241,531.3800,532.0774,531.2400,531.9500,17800
1418325551,531.5500,531.6800,531.0100,531.5500,16300
1418325847,531.9100,532.0950,531.5500,531.5500,13200
1418326145,530.8600,531.8250,530.8600,531.8000,21400
1418326444,530.6890,531.1990,530.5100,530.9100,26600
1418326799,530.4050,530.6800,530.2000,530.5300,23300
1418327041,530.7600,530.8970,530.4200,530.4448,11800
1418327349,529.7902,530.8500,529.7902,530.6600,19000
1418327650,530.3800,530.8100,529.7800,529.7800,21300
1418327950,529.7600,530.4100,529.5500,530.3800,21400
1418328242,530.8150,530.8600,529.6000,529.8600,29000
1418328544,530.3850,530.8600,530.1310,530.7100,15800
1418328863,530.9900,531.1400,530.3600,530.4100,10700
1418329197,531.3300,531.6300,530.9950,530.9950,12000
1418329447,531.6800,531.6850,530.9800,531.2000,11300
1418329746,531.4900,531.6500,530.9900,531.6500,8700
1418330042,530.8300,532.0000,530.5600,531.4500,16100
1418330342,530.1100,530.9400,530.0900,530.9400,19600
1418330654,529.5000,531.0350,529.5000,530.1300,27800
1418330942,528.2800,529.7200,528.2300,529.3600,39600
1418331243,527.8500,528.3200,527.2800,528.3200,46000
1418331540,528.4700,528.8000,527.7100,527.8100,68200
1418331600,528.3400,528.3400,528.3400,528.3400,95300
1418394844,526.3150,526.5000,523.2800,523.9800,0
1418395147,526.7000,527.6800,526.1100,526.3850,28500
1418395453,527.1500,527.6899,525.4500,526.7750,24600
1418395740,526.2800,527.1700,525.8200,527.1600,16400
1418396046,526.3600,526.8500,526.1100,526.4526,8800
1418396399,528.2400,528.3200,526.5300,526.5300,30100
1418396640,527.2800,528.5000,526.6900,528.3300,39800
1418396995,527.2700,527.3100,526.6200,527.1900,20700
1418397259,525.6380,527.3000,525.2500,527.3000,28700
1418397599,526.1400,526.1400,525.0800,525.9400,18300
1418397861,525.5500,526.1200,525.0200,525.8700,18200
1418398143,526.2894,526.2894,525.1000,525.5800,19200
1418398457,525.7850,526.6500,525.4700,526.1200,15700
1418398796,524.1500,525.5600,524.1500,525.5600,35300
1418399040,524.9200,524.9400,523.7900,524.2800,27200
1418399398,524.0300,524.8200,523.9000,524.8100,21000
1418399698,522.8150,524.3250,522.3100,523.8900,45500
1418399999,521.1400,523.0500,520.9400,522.6300,58800
1418400241,521.7451,522.0900,521.0600,521.2600,24800
1418400542,523.8300,523.9200,522.2500,522.2500,29100
1418400846,524.0600,524.2000,522.7400,523.4500,14600
1418401143,522.8000,524.1175,522.8000,523.9100,18900
1418401458,523.0700,523.6700,522.7600,522.8500,11600
1418401747,522.1900,523.1700,522.0000,523.1700,21500
1418402040,522.8350,523.4200,522.3700,522.5500,21900
1418402341,522.6400,522.9400,522.5200,522.8600,44100
1418402641,522.0500,522.7300,521.9500,522.6571,29600
1418402952,522.8700,523.0600,522.1700,522.2500,15200
1418403244,522.6900,523.2800,522.4101,522.6600,11200
1418403546,521.9600,522.6600,521.8300,522.5061,22100
1418403843,522.7500,522.9000,521.8800,522.0800,13100
1418404146,522.0100,523.2000,522.0100,523.0000,15600
1418404499,522.3600,522.3997,521.7100,522.2099,11000
1418404749,522.6300,522.7300,521.7200,522.2400,10500
1418405071,522.6400,522.6700,521.9300,522.3200,10700
1418405399,522.9700,523.1700,522.6500,522.8200,11400
1418405696,522.8800,523.3800,522.8000,522.9600,10600
1418405956,522.8250,523.1000,522.5300,522.9000,7400
1418406240,523.0500,523.0900,522.0600,522.9700,11400
1418406574,523.4500,523.5200,522.8000,523.0700,12000
1418406873,522.7700,523.4050,522.6300,523.4050,15700
1418407156,522.7400,522.9750,522.3150,522.6100,9000
1418407446,522.6000,523.0000,522.2100,522.8100,21000
1418407765,523.6400,523.7500,522.9900,523.0000,9300
1418408056,523.0350,523.4700,522.8420,523.4000,8500
1418408399,524.0900,524.8070,523.6200,523.6200,11200
1418408658,524.5800,524.8000,523.8000,524.2100,15000
1418408957,524.3100,524.5500,524.1300,524.5500,6800
1418409240,524.4100,524.5300,523.9500,524.4100,12100
1418409540,524.5800,524.5800,523.8900,524.1800,9100
1418409897,524.3900,524.6612,524.2200,524.6500,10400
1418410164,524.6300,524.6300,524.1150,524.5399,9500
1418410446,524.6500,524.6500,524.2260,524.5700,6300
1418410740,524.5000,524.9000,524.4600,524.7500,14200
1418411043,524.6400,524.6400,524.1900,524.5200,13400
1418411357,524.2800,524.6800,524.1900,524.5600,6100
1418411661,523.5700,524.1100,523.5000,524.1100,8800
1418411951,522.5000,523.6400,522.4900,523.6400,28500
1418412245,521.9300,522.7500,521.8200,522.3800,22900
1418412564,521.6000,522.3100,521.5560,521.8100,12900
1418412851,521.7900,522.0500,521.4100,521.5300,15200
1418413152,521.5700,521.8900,521.3600,521.7300,12600
1418413476,521.8600,521.8600,521.5950,521.6000,6300
1418413760,522.1700,522.1700,521.7100,521.7100,6300
1418414063,522.2000,522.3499,521.7901,522.2900,5300
1418414343,522.1950,522.3000,521.9740,522.2000,10300
1418414641,522.2000,522.5999,522.1550,522.1600,8400
1418414942,522.1500,522.3299,521.7350,522.0536,20800
1418415252,522.0750,522.0750,521.6900,521.9900,14000
1418415542,521.7810,522.0890,521.6900,521.9550,11100
1418415896,521.7000,522.0400,521.5800,521.8900,20400
1418416149,521.5100,521.8300,521.3800,521.6000,15400
1418416440,520.8300,521.6300,520.8000,521.5700,47400
1418416751,520.2700,520.7900,520.1000,520.6500,28800
1418417045,520.2000,520.5100,519.8400,520.1300,98800
1418417398,520.1000,520.2800,519.8000,520.1400,68900
1418417696,519.1000,520.0300,518.8800,520.0300,97100
1418417999,518.7200,519.4500,518.6600,519.0601,146700
1418418000,519.2200,519.2200,519.2200,519.2200,200
1418654054,520.1800,522.7600,520.1000,522.7400,0
1418654340,520.1600,520.9600,519.7500,520.4100,28700
1418654644,520.4800,522.2500,520.2000,520.2000,33000
1418654948,521.0500,521.4499,520.0900,520.5201,14200
1418655248,520.5000,521.4000,520.4500,521.2100,17200
1418655540,520.7750,520.9450,519.4000,520.5850,36900
1418655848,518.3300,520.9000,518.0050,520.7100,53700
1418656142,517.8200,519.2200,517.6000,518.3200,32500
1418656446,518.4750,518.5190,517.5500,517.5900,30600
1418656742,518.4100,519.1500,518.0700,518.4000,26900
1418657042,517.6694,518.8600,517.6500,518.3900,35500
1418657354,518.4850,519.0000,517.5205,517.6900,42700
1418657650,518.9636,519.1300,518.4500,518.4700,20100
1418657948,517.3800,519.0600,517.1050,518.8800,36300
1418658241,515.8200,517.6700,515.7950,517.4300,30300
1418658549,516.8100,517.0900,515.8200,515.8620,58800
1418658896,518.7500,519.2400,516.7400,516.8350,43300
1418659147,517.9900,518.6450,517.6350,518.6450,28200
1418659440,517.3500,517.9000,517.0100,517.8200,18500
1418659741,517.8000,518.2900,516.5200,517.2100,21900
1418660099,516.7700,518.0150,516.5000,517.8800,22000
1418660343,515.7500,516.7580,515.3700,516.5900,29700
1418660640,515.5300,516.7600,515.3800,515.8500,31000
1418660940,515.9600,516.2400,515.2700,515.6150,55900
1418661240,517.5400,517.7200,515.7400,515.8300,23800
1418661541,515.5500,517.6200,515.4100,517.4500,28600
1418661841,516.5500,516.8400,515.2900,515.5700,31200
1418662141,515.5200,516.7800,515.3100,516.4000,18600
1418662443,514.2400,516.0000,514.1900,515.5152,43800
1418662742,514.7800,515.2750,514.1005,514.2100,26400
1418663099,516.8400,516.9000,515.0700,515.0700,23700
1418663342,517.5000,517.8400,516.4100,516.8950,36700
1418663640,518.0800,518.2700,517.0300,517.5700,29000
1418663966,517.9150,518.1750,516.6200,518.0700,23000
1418664244,518.2300,518.3900,517.3750,517.9900,32200
1418664546,518.9900,519.1600,517.9000,518.1050,22200
1418664846,518.5200,519.2200,518.0550,519.1400,23100
1418665147,519.8700,520.1965,518.4800,518.4800,36300
1418665498,518.9500,520.1500,518.6700,519.8050,30700
1418665751,519.2500,519.5250,518.0400,519.0400,27100
1418666041,518.0580,519.5000,517.7600,519.2900,27700
1418666356,519.1900,519.7500,518.4425,518.5600,14000
1418666676,519.4200,519.7369,518.5901,518.9500,14300
1418666954,518.7250,519.4950,518.3950,519.3700,15700
1418667295,517.2201,519.1999,517.1500,518.6500,15600
1418667543,517.6500,517.9500,517.0900,517.2350,15100
1418667874,518.3100,518.6050,517.6300,517.6300,14200
1418668157,517.3700,518.3700,517.2700,518.3400,9300
1418668484,518.0000,518.0000,516.8400,517.0800,13400
1418668748,517.7750,518.5800,517.6200,517.9600,23200
1418669049,517.9200,518.5000,517.2650,517.7700,41900
1418669398,517.2450,517.9000,517.1200,517.9000,15400
1418669651,516.8200,517.9500,516.6550,517.2100,25300
1418669941,516.5400,517.4000,516.5300,516.8500,14400
1418670244,516.2800,516.9900,516.0100,516.7500,17400
1418670599,515.9800,516.3100,515.5900,516.2550,25800
1418670840,515.8350,516.2400,515.2000,515.9800,28800
1418671199,515.7100,515.9550,515.4000,515.7100,22900
1418671441,516.6800,516.9400,515.4050,515.7400,48200
1418671748,516.9550,518.2600,516.7000,516.7200,25100
1418672040,516.8114,517.0600,516.0050,517.0400,21100
1418672346,516.9100,518.0250,516.6200,516.7700,17500
1418672643,515.8300,516.9600,515.6500,516.8500,15100
1418672971,515.7000,516.2500,515.2600,515.7900,12900
1418673251,515.9199,516.1700,515.3900,515.4300,16200
1418673540,515.3600,516.1300,515.1100,515.8450,52000
1418673898,514.6700,515.3900,514.6000,515.3400,48500
1418674142,514.5900,515.1200,514.5100,514.5350,62100
1418674446,514.7500,515.3950,514.5400,514.5400,23800
1418674741,514.9500,514.9900,514.4150,514.7300,23200
1418675040,514.8300,515.0400,514.6200,514.8600,27100
1418675343,514.0000,515.2000,513.9000,514.9450,44000
1418675640,513.4800,513.9900,513.2700,513.9000,63200
1418675940,515.7300,515.8699,513.3450,513.4260,48300
1418676242,514.7350,515.6000,514.5700,515.5900,56700
1418676541,514.6200,514.8600,514.0300,514.7300,83200
1418676840,515.6100,515.6120,514.2300,514.2800,67700
1418677140,513.6200,516.0800,513.6100,515.7100,127500
1418677200,513.8000,513.8000,513.8000,513.8000,263000
1418740440,512.0350,512.2700,509.8100,510.9900,0
1418740741,512.3050,513.0500,511.4600,512.1100,63500
1418741040,512.5500,512.6300,511.0000,512.2525,38700
1418741361,512.2200,513.0000,512.2200,512.6550,42700
1418741697,512.0100,512.7210,511.3800,512.6200,43200
1418741940,511.3300,512.1500,511.0200,511.8700,44500
1418742240,509.6800,511.4800,509.6600,511.0100,74800
1418742547,508.0340,510.5850,508.0000,509.8525,56300
1418742896,505.9150,508.5100,505.8564,508.2020,86600
1418743140,506.2335,507.3000,505.0600,506.0200,173000
1418743441,505.9275,506.5650,505.4300,506.1900,83300
1418743740,506.0400,506.8300,505.5700,505.8000,74700
1418744099,504.2645,506.0900,504.2400,505.8701,62600
1418744394,505.2600,505.4500,503.8000,504.3900,76400
1418744640,505.0000,505.2600,504.4500,505.2600,32700
1418744954,504.1300,505.8200,504.1300,505.1300,49300
1418745240,505.4600,505.7400,504.1500,504.3200,42900
1418745540,506.6600,506.7000,505.2800,505.4400,55200
1418745840,506.9500,507.0790,506.3500,506.3500,33400
1418746145,505.8100,507.1000,505.8100,506.8200,36800
1418746457,506.6300,506.9500,505.7200,505.7200,29000
1418746745,507.8000,507.8000,506.6300,506.7800,33800
1418747070,508.2100,508.3000,507.4100,507.6600,46200
1418747344,509.5200,509.7800,507.8200,508.2600,64600
1418747644,510.8300,511.8100,509.3800,509.4700,45600
1418747944,509.0750,511.0100,509.0750,510.9800,49900
1418748240,509.5650,509.9300,509.0126,509.1780,40500
1418748541,508.6801,509.8000,508.3800,509.8000,38600
1418748896,508.2500,508.9720,508.2500,508.7400,15600
1418749144,507.6800,508.5900,507.3600,508.2500,22400
1418749443,508.5600,508.9191,507.7000,507.7000,24200
1418749745,509.0300,509.2600,508.3050,508.3050,16900
1418750052,509.0000,509.6300,508.9900,509.1700,24800
1418750341,509.0186,509.3560,508.7600,508.9300,27300
1418750648,508.3600,509.0600,508.0200,508.9350,13200
1418750998,508.4400,508.8800,508.1350,508.3900,30500
1418751244,508.2060,508.6900,507.8800,508.4400,47600
1418751550,508.3950,508.8000,508.0900,508.2700,20400
1418751848,507.9400,508.6700,507.9300,508.4130,19800
1418752159,506.7700,507.6650,506.7000,507.6650,16600
1418752440,506.9300,507.4000,506.4700,507.1200,13200
1418752740,506.2200,507.3500,506.2200,506.8100,13100
1418753054,507.0280,507.1600,506.1300,506.1300,11600
1418753343,505.8700,507.2799,505.8500,507.2799,20900
1418753699,505.8200,505.9600,505.0500,505.9600,30000
1418753941,504.8500,506.0400,504.7001,505.7200,22200
1418754241,504.2500,505.6800,504.2500,505.1700,28300
1418754563,504.3150,504.6800,504.0000,504.1700,29600
1418754857,504.5300,504.7000,503.7500,504.4200,30800
1418755169,504.4900,505.5000,504.4700,504.6500,21600
1418755446,504.3600,504.7000,503.8800,504.5180,30400
1418755744,504.1000,504.3250,503.5000,504.2200,23600
1418756045,504.6800,505.1640,504.1099,504.1099,20500
1418756346,504.0200,504.9400,503.8400,504.5600,17900
1418756644,503.8700,504.6600,503.6100,504.1500,20900
1418756942,504.7500,504.9900,503.7900,503.8208,20100
1418757260,504.5700,504.9700,504.0700,504.8300,22900
1418757599,503.7450,504.5350,503.7000,504.5350,29600
1418757854,503.1100,504.0600,503.0200,503.9800,40700
1418758145,503.5400,503.5500,503.0200,503.1500,18200
1418758443,503.2300,504.0000,503.2300,503.5500,18700
1418758740,503.5200,503.6695,503.0000,503.2450,27700
1418759040,503.5200,503.9850,503.3800,503.6000,30100
1418759343,502.9520,503.7095,502.8100,503.4300,70000
1418759646,502.5000,502.9700,502.0400,502.9700,52600
1418759948,503.5250,503.5250,502.2700,502.6200,35200
1418760242,502.3400,503.0450,502.1100,502.9400,47400
1418760540,502.8200,503.0900,502.0000,502.2000,49400
1418760840,502.2576,502.9000,502.2000,502.7200,39200
1418761140,502.2850,502.6200,502.0900,502.4106,51500
1418761444,502.4600,502.9900,502.2000,502.3500,52800
1418761742,501.5899,502.3999,501.3201,502.2300,67400
1418762045,501.5200,501.9500,501.0700,501.3200,41300
1418762349,500.8200,501.8000,500.7600,501.5600,73900
1418762699,498.5150,501.1011,498.5000,500.9800,119400
1418762940,498.0600,498.9000,497.2800,498.5000,121700
1418763245,497.5200,497.9900,496.2101,497.9900,151100
1418763543,495.4000,497.7200,489.0100,497.3500,361500
1418763600,495.3900,495.3900,495.3900,495.3900,106900
1418826848,498.8890,499.0000,497.7153,498.1500,0
1418827143,497.5500,499.0000,496.8100,498.5500,115500
1418827444,496.8800,497.9800,496.8800,497.5500,95800
1418827797,497.2800,497.7500,496.9100,497.0700,79500
1418828045,498.5250,498.6500,497.1000,497.3050,51700
1418828340,501.6600,501.9500,498.1800,498.4500,83200
1418828640,501.7700,503.9600,501.0000,501.9500,70500
1418828941,500.5200,501.5400,499.6700,501.3200,31600
1418829242,501.8900,502.2400,500.7100,500.8300,42100
1418829548,501.0000,501.8700,499.8500,501.7100,31200
1418829860,500.8000,501.2232,499.8700,500.9900,23800
1418830140,500.0000,501.1200,499.6700,501.0000,37600
1418830458,499.6700,500.4500,499.0500,499.9900,22200
1418830742,499.1700,499.6300,498.8000,499.3500,22200
1418831040,499.2200,499.3900,498.4700,498.9334,22600
1418831349,499.9300,500.1600,498.9000,499.0500,22400
1418831644,499.4100,500.2150,499.2400,500.0000,21400
1418831942,499.2300,500.2300,499.2300,499.7500,20500
1418832243,500.1600,500.3500,499.5000,499.5000,12700
1418832599,499.4099,500.2000,498.8400,500.0200,21700
1418832899,499.9900,500.2400,499.2500,499.4300,27500
1418833148,501.1300,501.2079,499.8000,500.0000,45200
1418833474,502.0000,502.0700,500.8100,500.9850,20900
1418833745,503.1000,503.1800,501.9300,502.2500,34300
1418834050,503.0800,503.5000,502.7900,503.0410,27700
1418834343,503.5000,504.0200,503.1500,503.3000,49200
1418834645,503.5300,503.8300,503.2652,503.7000,22100
1418834945,504.8400,505.0000,503.7700,503.7700,26000
1418835240,504.6000,504.8699,504.0900,504.8400,25800
1418835566,504.3600,504.6100,504.0001,504.5942,30100
1418835862,504.2700,504.4400,503.8100,504.1500,18700
1418836165,503.9700,504.1600,503.3801,504.0600,14500
1418836440,503.8500,503.9100,503.3300,503.8380,19700
1418836740,504.5400,504.6600,503.7750,504.0000,26600
1418837062,503.7300,504.5100,503.7300,504.5100,14700
1418837343,502.6200,503.7600,502.6200,503.7100,30400
1418837653,502.7300,503.4600,502.7100,502.7201,8900
1418837958,501.6600,502.8000,501.5600,502.8000,9700
1418838257,501.5600,501.8300,501.2400,501.6500,15300
1418838540,501.6000,501.9700,501.4000,501.6600,15700
1418838852,502.9300,502.9300,501.5850,501.7200,37500
1418839140,502.0700,502.8100,502.0000,502.6425,14300
1418839450,501.6300,502.3200,501.6300,501.9600,11700
1418839740,501.7000,502.0900,501.4300,501.5500,8200
1418840041,501.6171,501.8700,501.0000,501.8500,23300
1418840359,501.1000,501.8000,501.0000,501.5500,22400
1418840640,500.9000,501.3500,500.9000,501.0700,25000
1418840953,501.0100,501.2700,500.5900,500.7600,11500
1418841243,500.8700,501.2200,500.6200,501.0600,10900
1418841545,501.0100,501.1200,500.4100,500.7100,8200
1418841842,500.9350,501.1200,500.8124,501.0500,10300
1418842144,500.4500,501.0900,500.0300,500.9200,16900
1418842464,500.5400,500.9300,500.4600,500.6975,11500
1418842747,501.6400,501.6400,500.5700,500.5700,11600
1418843043,503.7700,504.4100,500.6500,501.2900,64600
1418843353,503.7400,504.0700,502.8500,503.9500,24600
1418843640,503.6700,504.8100,503.2600,503.5550,41700
1418843946,503.6199,503.8500,503.0000,503.8400,15600
1418844240,503.4700,503.4700,502.7400,503.4100,15900
1418844541,502.5900,503.7900,502.5000,503.5200,15500
1418844861,502.9274,503.0900,501.9200,502.6800,15700
1418845198,503.7900,504.1500,502.8108,503.0500,25900
1418845444,503.7300,504.0500,502.2500,504.0500,42900
1418845742,503.0850,503.6600,502.5600,503.4900,28700
1418846042,504.1000,504.2900,502.6720,503.0700,18600
1418846344,502.8500,504.4100,502.8200,504.3300,20600
1418846640,502.1400,503.1900,501.5000,503.1900,30000
1418846946,501.7000,502.4500,501.6501,501.9300,14000
1418847244,502.8600,502.8600,501.4400,501.7460,21400
1418847547,503.1300,503.2300,502.3400,503.1400,22800
1418847897,502.7200,503.3000,502.2050,503.2300,20600
1418848141,504.6900,504.6900,502.6500,502.9100,34300
1418848445,504.3700,505.0000,504.0700,504.6200,43100
1418848748,504.7000,504.8000,503.8800,504.3700,24400
1418849043,505.8290,506.0000,504.6600,504.6600,50000
1418849343,506.5750,507.0000,505.7801,506.2000,57600
1418849641,504.8700,506.9000,504.8300,506.6800,64300
1418849940,504.7000,505.3600,504.1700,504.9800,401400
1418850000,504.8900,504.8900,504.8900,504.8900,0
1418913240,511.1280,513.8599,510.5500,513.8599,0
1418913544,511.5800,512.3000,511.0000,511.3900,34800
1418913840,510.8500,511.8500,510.0110,511.8500,26700
1418914141,510.2400,511.1500,509.7100,510.7800,45100
1418914497,511.2800,511.7500,510.4400,510.4400,33300
1418914748,512.4200,512.6707,511.4000,511.4000,28300
1418915041,510.9300,512.4150,510.6900,512.4150,35100
1418915399,511.3928,511.5900,510.5601,510.8600,23000
1418915644,512.6000,512.8500,511.1300,511.4400,26700
1418915957,511.5543,512.7700,511.4200,512.6300,26800
1418916245,512.2300,512.3800,511.4900,511.6200,25800
1418916541,512.1550,512.3654,511.8900,512.1500,40200
1418916842,511.6600,512.3899,511.3301,512.3300,21500
1418917159,511.0400,511.5000,510.7800,511.3700,23400
1418917444,511.2900,511.4000,510.7300,510.8800,31700
1418917750,511.1500,511.5100,510.4201,511.0100,20600
1418918049,511.3600,511.8800,511.2801,511.6763,10600
1418918346,510.3400,511.6300,510.3400,511.4700,16900
1418918646,510.9000,511.1000,510.0000,510.1900,35900
1418918940,510.2700,510.8800,510.2700,510.8800,21600
1418919299,509.3450,510.2800,509.0000,510.2800,36000
1418919542,509.7100,509.8900,509.0500,509.3450,40800
1418919843,509.9201,510.2200,509.5200,509.6300,30400
1418920141,509.6900,510.1000,509.6000,509.9200,17600
1418920446,509.1900,510.1100,509.0000,509.8850,24900
1418920740,509.5700,509.5700,508.7000,509.3500,45000
1418921049,509.2600,509.8800,509.0100,509.2500,11700
1418921399,509.2400,509.5300,508.9600,508.9800,8500
1418921647,509.3300,510.0000,509.1800,509.2400,20600
1418921940,509.5500,509.6800,509.0500,509.3400,16000
1418922248,508.9800,509.5700,508.8800,509.5000,12300
1418922549,507.8600,509.1700,507.8600,509.0500,33100
1418922899,506.8300,508.0200,506.8300,507.9100,25100
1418923156,506.5178,507.1000,506.5178,506.8600,20200
1418923499,505.5000,506.5600,505.3900,506.5600,37800
1418923740,505.1480,505.7800,505.1000,505.5000,34100
1418924041,505.4200,505.5780,504.7000,505.2899,49200
1418924341,505.2400,505.8200,505.2200,505.3800,25900
1418924641,505.5900,505.8400,505.1700,505.2500,18600
1418924994,506.0500,506.2100,505.3500,505.3700,23100
1418925243,505.9300,506.2700,505.7800,506.0300,23500
1418925555,506.5100,506.5100,505.7900,505.9220,23000
1418925843,506.1000,506.5599,505.7700,506.4500,19000
1418926197,506.0900,506.5700,505.9800,506.1400,22700
1418926499,506.3556,506.5200,506.0100,506.0900,22200
1418926742,506.5000,506.6018,506.1400,506.3000,15000
1418927099,506.9800,507.1400,506.4700,506.5100,19600
1418927342,506.8800,507.2100,506.6500,506.9100,16600
1418927643,507.4100,507.4500,506.9700,507.0700,21000
1418927940,507.5852,507.7499,507.2200,507.4800,12700
1418928249,507.2900,507.6000,507.0000,507.4400,27000
1418928563,507.2802,507.6800,507.1600,507.2930,14100
1418928840,507.9000,508.1200,507.3210,507.3600,24100
1418929187,508.4400,508.6300,508.0100,508.0100,14300
1418929440,507.7200,508.6000,507.6100,508.5200,20400
1418929745,507.3800,507.8400,507.2200,507.8400,19300
1418929981,507.5700,507.9099,507.0800,507.5500,16700
1418930398,507.6500,508.0100,507.3400,507.5100,20400
1418930696,506.8000,507.5900,506.7100,507.5900,28300
1418930954,506.2900,506.7400,506.2600,506.6900,37600
1418931243,506.5499,506.5900,505.6300,506.2600,29400
1418931543,507.5600,507.7500,506.4500,506.6300,20400
1418931896,507.4100,507.7000,506.9000,507.4500,11700
1418932144,506.0700,507.6200,505.6650,507.2500,23800
1418932464,506.9889,506.9889,505.8900,506.2850,18100
1418932753,507.1500,507.2900,506.8700,506.9900,12500
1418933046,507.3100,507.7900,507.0000,507.2400,21500
1418933352,507.4520,507.7400,507.2100,507.3400,18800
1418933645,507.7600,507.8850,507.3500,507.3500,19200
1418933943,507.7000,507.9600,507.5000,507.8501,17500
1418934255,507.3400,507.8050,506.9400,507.7000,36300
1418934545,507.4600,507.7600,506.7600,507.3300,28100
1418934846,507.3500,507.9300,507.2000,507.5900,25000
1418935148,507.8300,507.9500,507.2400,507.3300,29200
1418935497,508.5800,508.9900,507.6600,507.7500,49100
1418935740,508.7500,508.7500,508.0600,508.5800,57200
1418936040,509.9900,510.0000,508.8300,508.8400,107400
1418936340,510.6600,511.2500,509.8600,509.9900,163600
1418936400,511.1000,511.1000,511.1000,511.1000,345800
1418999640,510.7121,512.9700,509.0000,511.7700,0
1418999942,510.0100,511.5000,509.5500,510.7600,43500
1419000251,507.6700,510.1000,507.6700,510.0500,53100
1419000540,509.2075,509.7299,507.8500,507.9800,59600
1419000898,508.9550,509.6100,508.5200,509.5700,33500
1419001148,510.2500,510.3500,507.9000,508.8200,40500
1419001440,510.2000,510.8900,510.0000,510.2500,39300
1419001748,510.9100,510.9100,510.1400,510.3700,13900
1419002045,510.0201,510.9000,509.7500,510.7720,16100
1419002343,508.8940,510.5600,508.8940,510.1675,22300
1419002655,508.1080,509.3100,508.0300,509.2200,32100
1419002940,508.4100,509.0656,508.1320,508.3280,25000
1419003246,507.5500,508.3300,507.0320,508.3300,37000
1419003542,507.5100,507.6200,507.2400,507.4800,22700
1419003845,507.4250,508.5100,507.2000,507.6200,35300
1419004144,507.0200,507.7100,507.0200,507.4800,21400
1419004496,508.0100,508.5600,506.9600,507.0190,28800
1419004799,509.0000,509.0400,508.2150,508.2150,23300
1419005041,509.3200,509.3200,508.3005,508.8900,25400
1419005354,509.3700,509.5700,508.8200,509.1700,22100
1419005650,510.1000,510.2900,509.5500,509.5500,18800
1419005945,509.5200,510.2900,509.5100,510.2900,24300
1419006271,510.0900,510.1200,509.1926,509.4500,29300
1419006541,511.0000,511.1200,510.1700,510.1700,32000
1419006841,510.8500,511.0000,510.3905,511.0000,22000
1419007143,511.1400,511.2400,510.6000,510.7600,18200
1419007441,511.5000,511.5000,511.0000,511.2300,35300
1419007797,511.3000,511.9700,511.0894,511.9100,15700
1419008048,508.7360,511.2900,508.6000,511.2400,32700
1419008345,509.3260,509.3900,508.6000,508.6850,29300
1419008648,509.2460,509.3500,508.8805,509.3400,14900
1419008996,509.3300,509.4800,508.8700,509.1700,15000
1419009256,508.9200,509.4000,508.7800,509.4000,11300
1419009551,509.8400,509.9400,508.7700,508.7700,16700
1419009850,509.5960,509.8900,509.5960,509.8400,23600
1419010178,510.0600,510.2500,508.8800,509.5250,22600
1419010452,510.2500,510.2500,509.6100,509.8700,7800
1419010741,510.5100,510.8500,510.0090,510.2800,19400
1419011041,510.7100,510.7700,509.8800,510.5000,19600
1419011349,510.4700,510.8800,510.0000,510.7200,17800
1419011640,511.0900,511.4300,510.4248,510.4248,30400
1419011942,510.1500,511.0500,509.7500,510.9450,19900
1419012298,510.4500,510.6600,509.9000,510.0000,18400
1419012557,510.5500,510.7500,510.2470,510.3250,13100
1419012843,510.2750,510.6000,510.2000,510.4150,13600
1419013168,511.1400,511.1400,510.4100,510.4100,12100
1419013448,510.8000,511.2900,510.7600,511.1900,16700
1419013752,511.2452,511.3000,510.7300,510.7500,15300
1419014041,512.1400,512.4300,511.3300,511.3300,24400
1419014373,512.1900,512.2870,511.9150,512.1400,12600
1419014641,512.3500,512.3500,511.8301,512.0000,10700
1419014988,512.3500,512.7400,511.9415,512.4100,24200
1419015254,512.1001,512.4100,511.9700,512.3200,12900
1419015568,512.3180,512.4600,511.9450,512.2500,21400
1419015845,512.5500,512.6000,511.9600,512.3300,15300
1419016144,512.8156,512.9500,512.5200,512.6400,21700
1419016441,513.0950,513.2500,512.7000,512.7888,25300
1419016740,513.3200,513.5500,513.1500,513.1500,11100
1419017075,513.5400,513.5400,513.0100,513.3000,20800
1419017341,514.0600,514.0600,513.5900,513.5900,19900
1419017652,514.0300,514.3199,513.9900,514.0550,12500
1419017951,514.0200,514.0800,513.6500,514.0000,13100
1419018250,514.1701,514.4840,513.9700,514.2400,15200
1419018547,514.0550,514.3600,513.9300,514.2200,14900
1419018846,514.5000,514.7000,514.0100,514.0700,27200
1419019141,514.7000,514.7600,514.3200,514.5800,25200
1419019457,514.9700,515.0400,514.3800,514.7400,29500
1419019744,514.7800,515.1000,514.4600,515.1000,32200
1419020041,515.3600,515.5900,514.6700,514.7000,45000
1419020346,516.0800,516.0800,515.3200,515.4500,28300
1419020660,516.2900,516.4500,516.0000,516.0000,16500
1419020944,516.9700,517.0300,516.1700,516.2700,36500
1419021240,516.7000,517.1300,516.5800,516.9350,35900
1419021542,517.1800,517.4300,516.6300,516.6300,31200
1419021840,517.4500,517.7200,517.2690,517.3000,48300
1419022198,516.9500,517.4600,516.7950,517.4500,65200
1419022451,516.5400,517.5000,516.1700,516.8900,91700
1419022740,516.3500,516.9600,516.0600,516.5200,868000
1419022741,516.4850,516.4850,516.4850,516.4850,0
1419022800,516.3500,516.3500,516.3500,516.3500,0
