1418049299,48.2000,48.3500,48.1300,48.1500,1167500
1418049540,48.2300,48.3000,48.2000,48.2000,275500
1418049840,48.3000,48.3200,48.2200,48.2250,304100
1418050198,48.2250,48.3100,48.1900,48.3030,250100
1418050497,48.2355,48.2600,48.2200,48.2200,238300
1418050799,48.2500,48.2600,48.1900,48.2400,195000
1418051041,48.3200,48.3300,48.2400,48.2500,245200
1418051399,48.3000,48.3400,48.2900,48.3200,153600
1418051699,48.2800,48.3200,48.2200,48.3000,355800
1418051999,48.2200,48.2850,48.1400,48.2800,217200
1418052240,48.2600,48.2650,48.2000,48.2150,204700
1418052542,48.2455,48.2700,48.2300,48.2550,153400
1418052899,48.2000,48.2700,48.1950,48.2400,206800
1418053199,48.1800,48.2457,48.1500,48.2000,338400
1418053441,48.2400,48.2400,48.1700,48.1700,121700
1418053740,48.2500,48.2500,48.2200,48.2350,107300
1418054098,48.2300,48.2600,48.2100,48.2436,94200
1418054399,48.2300,48.2500,48.2200,48.2400,92600
1418054641,48.1900,48.2399,48.1900,48.2310,95700
1418054998,48.2100,48.2200,48.1500,48.1800,108800
1418055299,48.1500,48.2100,48.1300,48.2100,552600
1418055549,48.1550,48.1700,48.1000,48.1500,197700
1418055840,48.1599,48.1600,48.1250,48.1600,165400
1418056198,48.1200,48.1700,48.1000,48.1599,141600
1418056496,48.1500,48.1800,48.1300,48.1300,124200
1418056741,48.1100,48.1550,48.0900,48.1457,412700
1418057096,48.1750,48.1800,48.1100,48.1100,98800
1418057397,48.2266,48.2400,48.1700,48.1750,105900
1418057698,48.2300,48.2500,48.1800,48.2250,183100
1418057941,48.2700,48.2700,48.2350,48.2350,148200
1418058299,48.2550,48.2700,48.2400,48.2700,110200
1418058599,48.2450,48.2500,48.2300,48.2500,101000
1418058842,48.1600,48.2500,48.1600,48.2450,93500
1418059199,48.0200,48.1500,47.9600,48.1500,508100
1418059497,47.9668,48.0200,47.8800,48.0200,443800
1418059741,47.9466,47.9700,47.9200,47.9621,132800
1418060040,47.8900,47.9550,47.8850,47.9500,465300
1418060340,47.9100,47.9300,47.8100,47.8900,269500
1418060698,47.9800,47.9800,47.9000,47.9100,170600
1418060940,47.9050,47.9900,47.8900,47.9800,412400
1418061241,47.9300,47.9400,47.9000,47.9000,108700
1418061597,47.8750,47.9325,47.8300,47.9300,120600
1418061898,47.8800,47.8950,47.8400,47.8800,137200
1418062141,47.8499,47.9100,47.8400,47.8700,512300
1418062440,47.8100,47.8850,47.8000,47.8499,323600
1418062797,47.7250,47.8200,47.7200,47.8181,304400
1418063041,47.6500,47.7300,47.6300,47.7234,318900
1418063341,47.6800,47.6900,47.6300,47.6580,140500
1418063642,47.6200,47.6800,47.6200,47.6800,237900
1418063996,47.6000,47.6200,47.5300,47.6200,235900
1418064240,47.5601,47.6000,47.5100,47.5950,243400
1418064540,47.5600,47.6400,47.5500,47.5600,265200
1418064899,47.5850,47.6000,47.5500,47.5699,174700
1418065199,47.5460,47.6000,47.5400,47.5850,196700
1418065441,47.5099,47.5700,47.4450,47.5450,287900
1418065740,47.5200,47.5550,47.4700,47.5100,341500
1418066040,47.5250,47.5600,47.4900,47.5300,168700
1418066340,47.6000,47.6100,47.5100,47.5300,119500
1418066698,47.6750,47.6800,47.5800,47.6000,150300
1418066999,47.7163,47.7200,47.6500,47.6800,196900
1418067240,47.6950,47.7200,47.6700,47.7150,139200
1418067599,47.6800,47.7550,47.6800,47.7000,188200
1418067899,47.7100,47.7300,47.6800,47.6800,365000
1418068199,47.7250,47.7300,47.6800,47.7000,141500
1418068499,47.7000,47.7400,47.6900,47.7250,192900
1418068798,47.6750,47.7300,47.6650,47.7050,141500
1418069097,47.6400,47.6700,47.6200,47.6700,247500
1418069340,47.5820,47.6400,47.5700,47.6360,238400
1418069640,47.6300,47.6400,47.5850,47.5900,158800
1418069998,47.5936,47.6500,47.5813,47.6300,270400
1418070297,47.6349,47.6500,47.5700,47.5900,350100
1418070598,47.6600,47.7100,47.6300,47.6400,374100
1418070841,47.6901,47.7300,47.6305,47.6690,368900
1418071196,47.7300,47.7400,47.6800,47.6950,409100
1418071499,47.7300,47.7500,47.6600,47.7400,317400
1418071799,47.7400,47.7500,47.7000,47.7250,485000
1418072098,47.7250,47.7450,47.6800,47.7300,988000
1418072399,47.7000,47.7899,47.6800,47.7400,2135600
1418072400,47.6950,47.6950,47.6950,47.6950,3860500
1418135699,47.4200,47.5600,47.1200,47.1300,0
1418135940,47.5700,47.5900,47.3000,47.4250,564400
1418136299,47.5350,47.6200,47.4800,47.5500,523400
1418136599,47.4600,47.5399,47.3700,47.5300,455200
1418136899,47.3800,47.4900,47.3600,47.4600,363500
1418137199,47.5000,47.5200,47.3500,47.3739,184300
1418137440,47.3100,47.5400,47.3000,47.4950,377900
1418137799,47.3700,47.3900,47.3000,47.3050,261300
1418138041,47.3300,47.3800,47.2100,47.3700,349800
1418138399,47.4120,47.4400,47.3000,47.3300,241600
1418138640,47.4400,47.4700,47.4000,47.4200,256500
1418138997,47.3999,47.4600,47.3600,47.4300,420600
1418139240,47.3100,47.4100,47.2400,47.4000,258600
1418139540,47.3599,47.4100,47.3000,47.3100,349800
1418139897,47.3700,47.4550,47.3550,47.3600,234600
1418140199,47.4100,47.4500,47.3600,47.3700,243400
1418140495,47.3700,47.4200,47.3600,47.4153,200500
1418140742,47.3500,47.4000,47.3400,47.3651,183800
1418141040,47.3300,47.3600,47.3200,47.3500,154300
1418141399,47.3243,47.3800,47.3100,47.3250,111500
1418141640,47.3500,47.3800,47.3200,47.3300,88500
1418141997,47.4500,47.4600,47.3200,47.3500,210700
1418142298,47.6000,47.6150,47.4400,47.4400,284500
1418142541,47.5500,47.6700,47.5400,47.6150,243800
1418142899,47.6050,47.6128,47.5450,47.5450,192500
1418143197,47.6000,47.6200,47.6000,47.6000,131400
1418143445,47.6050,47.6190,47.5600,47.6000,101800
1418143745,47.6190,47.6200,47.5100,47.6050,316600
1418144040,47.5900,47.6200,47.5600,47.6200,66700
1418144399,47.6500,47.6600,47.5800,47.6000,102200
1418144699,47.5900,47.6350,47.5840,47.6350,61500
1418144998,47.6400,47.6700,47.5900,47.6000,144800
1418145299,47.6170,47.6700,47.6000,47.6350,148000
1418145599,47.5400,47.6200,47.5100,47.6150,187000
1418145844,47.5200,47.5700,47.5000,47.5500,100700
1418146142,47.6000,47.6300,47.5101,47.5200,150200
1418146440,47.6000,47.6100,47.5450,47.6000,127700
1418146791,47.6940,47.7200,47.5940,47.6000,135700
1418147040,47.6850,47.7400,47.6600,47.7000,147500
1418147341,47.6942,47.7000,47.6510,47.6900,93100
1418147698,47.7060,47.7300,47.6800,47.6900,140100
1418147996,47.7100,47.7400,47.7000,47.7010,94400
1418148295,47.7800,47.7800,47.6900,47.7100,106300
1418148540,47.7900,47.7900,47.7400,47.7700,158700
1418148841,47.8000,47.8250,47.7800,47.7840,193100
1418149141,47.7970,47.8300,47.7900,47.8000,92200
1418149498,47.8200,47.8200,47.7900,47.8000,112100
1418149799,47.8244,47.8400,47.8000,47.8200,109400
1418150040,47.8750,47.8800,47.8200,47.8300,171400
1418150399,47.8960,47.9200,47.8600,47.8701,195800
1418150697,47.9150,47.9200,47.8700,47.9000,150300
1418150999,47.8800,47.9200,47.8700,47.9200,117300
1418151298,47.8400,47.8900,47.7950,47.8850,263400
1418151598,47.7901,47.8600,47.7800,47.8390,150900
1418151899,47.8150,47.8200,47.7900,47.7900,179500
1418152142,47.8100,47.8500,47.8100,47.8150,210400
1418152441,47.7400,47.8400,47.7400,47.8150,171100
1418152798,47.7200,47.7600,47.6900,47.7500,176100
1418153040,47.7500,47.7700,47.7100,47.7100,191800
1418153399,47.7350,47.7700,47.7000,47.7516,195500
1418153640,47.6000,47.7400,47.5900,47.7350,179500
1418153999,47.5650,47.6500,47.5500,47.5999,333500
1418154298,47.5100,47.5700,47.4800,47.5650,292600
1418154599,47.5200,47.5500,47.5000,47.5250,325400
1418154896,47.5160,47.5350,47.4650,47.5250,212700
1418155194,47.6000,47.6100,47.5101,47.5200,179200
1418155440,47.6250,47.6700,47.6000,47.6000,283400
1418155740,47.5650,47.6300,47.5500,47.6299,185200
1418156040,47.5300,47.5800,47.5100,47.5750,263900
1418156399,47.6100,47.6100,47.5300,47.5300,131200
1418156698,47.6250,47.6400,47.6010,47.6100,153900
1418156940,47.5900,47.6500,47.5900,47.6150,214600
1418157299,47.5900,47.6100,47.5600,47.5900,189800
1418157540,47.5950,47.6400,47.5700,47.5855,258800
1418157840,47.6500,47.6500,47.5600,47.5950,340200
1418158140,47.7000,47.7100,47.6200,47.6400,358900
1418158440,47.6400,47.6950,47.5850,47.6800,890400
1418158740,47.6000,47.6700,47.6000,47.6400,4620400
1418158800,47.5900,47.5900,47.5900,47.5900,1481100
1418222099,47.3000,47.5200,47.3000,47.5100,0
1418222399,47.4050,47.4200,47.2500,47.2990,353800
1418222699,47.2400,47.4300,47.2055,47.4100,462200
1418222998,47.2100,47.2500,47.1700,47.2400,431500
1418223241,47.1600,47.2700,47.1101,47.2100,459100
1418223599,47.1100,47.1800,47.1100,47.1590,381000
1418223899,47.0900,47.1700,47.0775,47.1200,284400
1418224199,47.0900,47.1700,47.0700,47.0800,362600
1418224498,47.0300,47.1000,47.0300,47.0900,305000
1418224799,47.0900,47.0900,46.9400,47.0200,807600
1418225040,47.1200,47.1800,47.0700,47.1000,567400
1418225399,47.1050,47.1400,47.0500,47.1100,445200
1418225699,47.0050,47.1100,46.9900,47.1100,406700
1418225940,47.1000,47.1100,47.0100,47.0100,345100
1418226299,47.1445,47.1700,47.0700,47.0950,310700
1418226598,47.1868,47.2100,47.1200,47.1400,192300
1418226841,47.2400,47.2500,47.1500,47.1900,437400
1418227140,47.3900,47.3900,47.2300,47.2400,393200
1418227497,47.3900,47.4100,47.3600,47.3900,268200
1418227799,47.3801,47.4000,47.3400,47.3900,275100
1418228046,47.4000,47.4050,47.3500,47.3850,256500
1418228343,47.3450,47.4000,47.3050,47.3999,250100
1418228644,47.4000,47.4050,47.3300,47.3500,258300
1418228941,47.3000,47.4000,47.2900,47.4000,174500
1418229240,47.2900,47.3400,47.2700,47.3100,231400
1418229594,47.3900,47.3900,47.2900,47.2900,161900
1418229840,47.4000,47.4000,47.3400,47.3850,157200
1418230141,47.4500,47.4500,47.3650,47.3900,231500
1418230440,47.5600,47.5800,47.4490,47.4490,295100
1418230795,47.6150,47.6600,47.5700,47.5700,477900
1418231099,47.5290,47.6100,47.4800,47.6100,271800
1418231397,47.4900,47.5451,47.4300,47.5300,235400
1418231641,47.4460,47.4900,47.4300,47.4900,112600
1418231940,47.3100,47.4500,47.3000,47.4500,308200
1418232298,47.3950,47.4000,47.2900,47.3050,124800
1418232599,47.3300,47.4000,47.3300,47.3950,113300
1418232842,47.3300,47.3500,47.2942,47.3400,145600
1418233140,47.3500,47.3800,47.3200,47.3200,203200
1418233440,47.3900,47.3900,47.3300,47.3450,105100
1418233799,47.3550,47.3900,47.3400,47.3900,121400
1418234099,47.3400,47.3960,47.3400,47.3599,97200
1418234396,47.3250,47.3500,47.3000,47.3400,119900
1418234699,47.3400,47.3500,47.3200,47.3200,120600
1418234999,47.2800,47.3368,47.2700,47.3350,135500
1418235241,47.3400,47.3500,47.2400,47.2800,215500
1418235599,47.2700,47.3600,47.2600,47.3450,261600
1418235899,47.2850,47.3000,47.2500,47.2750,124800
1418236143,47.3200,47.3300,47.2836,47.2850,110000
1418236440,47.2507,47.3400,47.2350,47.3300,152200
1418236741,47.2400,47.2800,47.2201,47.2599,119100
1418237043,47.2400,47.2500,47.1700,47.2400,133700
1418237398,47.1100,47.2458,47.0900,47.2458,445200
1418237698,47.0600,47.1300,47.0600,47.1000,287400
1418237999,46.9500,47.0500,46.9400,47.0500,489200
1418238299,46.9500,46.9700,46.8750,46.9500,512600
1418238541,46.8860,46.9600,46.8800,46.9500,236200
1418238844,46.8200,46.8900,46.8100,46.8900,458200
1418239140,46.8950,46.9000,46.7900,46.8100,280800
1418239440,46.7200,46.8950,46.7100,46.8950,517100
1418239799,46.8300,46.8450,46.7001,46.7100,318700
1418240099,46.8700,46.8900,46.7501,46.8345,466500
1418240399,46.8000,46.8800,46.7900,46.8800,311200
1418240640,46.8300,46.8800,46.7700,46.8000,342100
1418240940,46.8650,46.9150,46.7900,46.8399,260300
1418241299,46.8700,46.8700,46.8100,46.8640,202600
1418241540,46.8000,46.8700,46.8000,46.8700,251900
1418241899,46.8100,46.8500,46.7500,46.8100,280800
1418242198,46.8850,46.9192,46.7790,46.8100,272900
1418242497,46.9200,46.9200,46.8700,46.8900,177800
1418242740,46.9200,46.9800,46.8800,46.9200,310600
1418243099,46.9700,46.9900,46.9000,46.9246,394300
1418243340,46.9450,46.9700,46.8800,46.9600,288500
1418243640,47.0093,47.0100,46.9300,46.9450,245100
1418243999,46.9800,47.0200,46.9200,47.0100,360800
1418244294,46.9250,46.9800,46.8700,46.9750,515600
1418244599,46.8500,46.9200,46.8200,46.9200,625700
1418244897,46.8900,46.9000,46.8100,46.8450,1219600
1418245140,46.9200,46.9700,46.8500,46.8950,2017500
1418245200,46.9000,46.9000,46.9000,46.9000,3381500
1418308499,46.7200,47.0500,46.7200,47.0000,0
1418308799,46.7150,46.7900,46.6800,46.7257,790500
1418309099,46.7790,46.8300,46.7099,46.7200,879000
1418309340,46.8700,46.8701,46.7500,46.7800,865000
1418309699,46.9450,47.0100,46.8700,46.8700,459300
1418309940,47.0050,47.0500,46.9100,46.9500,577500
1418310240,46.9900,47.0200,46.9250,47.0000,669400
1418310599,47.0555,47.0828,46.9600,47.0200,682300
1418310898,47.1100,47.1400,47.0250,47.0600,426800
1418311199,47.2100,47.2450,47.0950,47.1150,583300
1418311499,47.3350,47.3400,47.1800,47.2000,425000
1418311799,47.3400,47.4000,47.2950,47.3300,336500
1418312099,47.3950,47.4000,47.3100,47.3400,567300
1418312399,47.4850,47.4900,47.3700,47.3950,638000
1418312698,47.4300,47.4900,47.3600,47.4800,750300
1418312999,47.4450,47.4550,47.3850,47.4150,301200
1418313241,47.4800,47.4900,47.4200,47.4500,297000
1418313599,47.4300,47.5000,47.4250,47.4800,246600
1418313895,47.4400,47.4900,47.4200,47.4400,204600
1418314140,47.4650,47.5000,47.4350,47.4490,192700
1418314440,47.4500,47.4800,47.4340,47.4600,261500
1418314799,47.5201,47.5400,47.4300,47.4500,361800
1418315099,47.5700,47.5800,47.5150,47.5200,318700
1418315399,47.5700,47.6200,47.5450,47.5700,327500
1418315698,47.5850,47.6200,47.5300,47.5700,248800
1418315941,47.6750,47.6850,47.5800,47.5800,330500
1418316298,47.6200,47.6900,47.6000,47.6800,172400
1418316597,47.5800,47.6300,47.5700,47.6300,182600
1418316841,47.7000,47.7100,47.5850,47.5900,282500
1418317198,47.7300,47.7400,47.6800,47.7000,215400
1418317499,47.6680,47.7400,47.6400,47.7300,181200
1418317793,47.5900,47.6700,47.5800,47.6610,189600
1418318099,47.5650,47.6000,47.5310,47.5950,123300
1418318399,47.5999,47.6050,47.5300,47.5699,111500
1418318696,47.6050,47.6155,47.5800,47.5950,92400
1418318945,47.5900,47.6100,47.5600,47.6050,91300
1418319240,47.5600,47.6200,47.5600,47.5950,128500
1418319599,47.6250,47.6400,47.5600,47.5600,238200
1418319898,47.5736,47.6300,47.5600,47.6200,101900
1418320197,47.5850,47.6400,47.5700,47.5750,156100
1418320495,47.6110,47.6400,47.5800,47.5850,138700
1418320743,47.6300,47.6400,47.5900,47.6150,163700
1418321045,47.6050,47.6300,47.5500,47.6300,117300
1418321398,47.6050,47.6350,47.5950,47.6000,112700
1418321699,47.5550,47.6050,47.5433,47.6050,184300
1418321998,47.5600,47.5899,47.5300,47.5600,172200
1418322298,47.5350,47.5800,47.5225,47.5500,130000
1418322599,47.5800,47.5900,47.5240,47.5350,185400
1418322840,47.6050,47.6300,47.5700,47.5750,243800
1418323197,47.5700,47.6300,47.5600,47.6050,223700
1418323453,47.6500,47.6600,47.5530,47.5700,258600
1418323742,47.6850,47.6900,47.6100,47.6500,136800
1418324094,47.6700,47.6900,47.6600,47.6850,102500
1418324398,47.6100,47.6900,47.5800,47.6800,263400
1418324697,47.6399,47.6400,47.5700,47.6100,229200
1418324999,47.6220,47.6550,47.5910,47.6300,162300
1418325245,47.6150,47.6300,47.5750,47.6300,295900
1418325598,47.5700,47.6200,47.5500,47.6200,162400
1418325899,47.5600,47.6000,47.5500,47.5600,159800
1418326199,47.4900,47.5650,47.4800,47.5650,219600
1418326493,47.4501,47.5100,47.4450,47.4900,262700
1418326799,47.4800,47.4900,47.4350,47.4550,188400
1418327040,47.4500,47.5150,47.4400,47.4800,167700
1418327398,47.3700,47.4650,47.3600,47.4500,414100
1418327699,47.3442,47.3990,47.3400,47.3705,291000
1418327999,47.3160,47.3800,47.2700,47.3500,291300
1418328299,47.3600,47.3650,47.3000,47.3150,257000
1418328541,47.3100,47.3700,47.3000,47.3550,287400
1418328899,47.3855,47.4100,47.3050,47.3100,258300
1418329194,47.4500,47.4700,47.3834,47.3900,247500
1418329440,47.4650,47.4850,47.4100,47.4500,232900
1418329798,47.4600,47.5100,47.4200,47.4600,270200
1418330093,47.4400,47.5300,47.4050,47.4600,390000
1418330341,47.3700,47.4390,47.3700,47.4390,241500
1418330640,47.2600,47.4200,47.2600,47.3800,498000
1418330998,47.1600,47.2900,47.1300,47.2550,835900
1418331244,47.1300,47.1700,47.0600,47.1600,737800
1418331599,47.1800,47.2200,47.1100,47.1200,1206500
1418331600,47.1700,47.1700,47.1700,47.1700,2949200
1418394898,47.3400,47.4400,46.8600,46.9900,0
1418395199,47.2200,47.3800,47.1800,47.3370,528700
1418395497,47.3000,47.3800,47.1400,47.2100,509700
1418395742,47.2500,47.3300,47.2200,47.2950,413100
1418396099,47.5320,47.5400,47.2400,47.2500,577700
1418396399,47.6300,47.7300,47.4900,47.5350,1104300
1418396699,47.4800,47.6750,47.4600,47.6400,925600
1418396940,47.5950,47.6100,47.4500,47.4700,335200
1418397299,47.4400,47.6300,47.4000,47.5950,516800
1418397599,47.5080,47.5100,47.3300,47.4400,368500
1418397899,47.4400,47.5200,47.3900,47.5100,405600
1418398199,47.5550,47.5600,47.4100,47.4450,250300
1418398499,47.6600,47.6700,47.5500,47.5600,476600
1418398740,47.5600,47.6550,47.5600,47.6500,309800
1418399099,47.5750,47.5900,47.5300,47.5600,234600
1418399399,47.5500,47.6300,47.5400,47.5700,250600
1418399699,47.3900,47.5600,47.3400,47.5500,388600
1418399998,47.2600,47.4000,47.2300,47.3750,407300
1418400298,47.2200,47.2900,47.1200,47.2600,608400
1418400540,47.3200,47.3600,47.2041,47.2150,316700
1418400841,47.3510,47.3800,47.2600,47.3150,120700
1418401140,47.2700,47.3600,47.2647,47.3500,148200
1418401499,47.2899,47.3600,47.2550,47.2650,211700
1418401799,47.2000,47.3000,47.1900,47.2800,514500
1418402099,47.2400,47.2600,47.1900,47.2000,359700
1418402398,47.3200,47.3300,47.2334,47.2350,190300
1418402699,47.2700,47.3700,47.2600,47.3250,190500
1418402940,47.2750,47.3100,47.2300,47.2700,246500
1418403241,47.3100,47.3600,47.2700,47.2800,299200
1418403599,47.2000,47.3500,47.1400,47.3100,431900
1418403841,47.2300,47.2400,47.1500,47.2000,426100
1418404143,47.2300,47.2600,47.2000,47.2300,215200
1418404441,47.2400,47.2600,47.2050,47.2300,226100
1418404798,47.2350,47.2600,47.1500,47.2400,191900
1418405099,47.2450,47.2500,47.1500,47.2300,266700
1418405399,47.3599,47.3634,47.2300,47.2450,255100
1418405644,47.3399,47.3950,47.3200,47.3450,144800
1418405991,47.3000,47.3350,47.2800,47.3300,136100
1418406240,47.2600,47.3400,47.2300,47.3000,115400
1418406599,47.3400,47.3600,47.2600,47.2600,89700
1418406841,47.2916,47.3487,47.2700,47.3400,144200
1418407141,47.2550,47.2950,47.2300,47.2900,113800
1418407497,47.2750,47.2800,47.2500,47.2600,166100
1418407796,47.3950,47.4090,47.2810,47.2900,262000
1418408099,47.4000,47.4300,47.3737,47.3950,211500
1418408393,47.4500,47.5000,47.4100,47.4100,412500
1418408640,47.4761,47.5000,47.4300,47.4600,147900
1418408997,47.4800,47.4850,47.4400,47.4700,101900
1418409296,47.4400,47.4900,47.4010,47.4800,162700
1418409599,47.4600,47.4600,47.3900,47.4400,132400
1418409896,47.4600,47.5000,47.4300,47.4600,230300
1418410196,47.5200,47.5200,47.4200,47.4600,155800
1418410497,47.5700,47.6000,47.4900,47.5200,228300
1418410745,47.6500,47.7100,47.5700,47.5700,529600
1418411043,47.6100,47.6500,47.5800,47.6400,227400
1418411399,47.5800,47.6100,47.5700,47.6100,180900
1418411695,47.5350,47.5900,47.5150,47.5900,242900
1418411998,47.5100,47.5300,47.4800,47.5300,341000
1418412241,47.5500,47.6000,47.5100,47.5100,349200
1418412597,47.4900,47.5900,47.4900,47.5400,274300
1418412845,47.5060,47.5200,47.4450,47.5000,150300
1418413141,47.4390,47.5100,47.4100,47.5055,217700
1418413499,47.3800,47.4700,47.3800,47.4300,107900
1418413740,47.3700,47.4200,47.3300,47.3700,181800
1418414041,47.3800,47.3800,47.3200,47.3700,125300
1418414340,47.4100,47.4120,47.3500,47.3800,148500
1418414699,47.3700,47.4500,47.3600,47.4050,149400
1418414941,47.3400,47.3700,47.2900,47.3700,187200
1418415299,47.2900,47.3400,47.2300,47.3400,267200
1418415540,47.3100,47.3400,47.2700,47.2900,223700
1418415896,47.3000,47.3300,47.2500,47.3100,202400
1418416197,47.2750,47.3000,47.2400,47.2900,214000
1418416499,47.1700,47.2750,47.1600,47.2750,505400
1418416799,47.0900,47.2000,47.0755,47.1700,874300
1418417099,47.0500,47.0950,47.0310,47.0800,294500
1418417340,47.0400,47.0750,46.9900,47.0500,1135000
1418417695,47.0100,47.0300,46.9200,47.0200,1571900
1418417999,46.9400,47.0600,46.9400,47.0100,3031400
1418418000,46.9500,46.9500,46.9500,46.9500,4441200
1418654099,47.5100,47.5400,47.1600,47.1850,0
1418654344,47.5600,47.6200,47.4200,47.5100,647200
1418654699,47.4900,47.6700,47.4700,47.5500,494600
1418654999,47.5942,47.6100,47.4200,47.4850,519500
1418655241,47.4850,47.6100,47.4800,47.6000,232800
1418655541,47.5000,47.5100,47.3700,47.4800,376000
1418655899,47.3700,47.5200,47.3100,47.4900,395200
1418656140,47.3000,47.4800,47.3000,47.3700,265100
1418656498,47.3900,47.4101,47.3100,47.3100,245500
1418656797,47.3400,47.4200,47.3400,47.3800,389800
1418657041,47.1950,47.3400,47.1800,47.3400,266500
1418657399,47.3000,47.3190,47.1900,47.1900,271900
1418657699,47.1700,47.3000,47.1700,47.2900,238800
1418657999,47.0900,47.2000,47.0400,47.1700,254700
1418658299,47.0100,47.1100,47.0100,47.0900,187900
1418658540,47.0900,47.1250,47.0100,47.0157,214000
1418658898,47.3000,47.3300,47.0800,47.0900,573800
1418659199,47.1955,47.2950,47.1700,47.2950,203800
1418659498,47.0800,47.2000,47.0800,47.2000,170500
1418659796,47.1130,47.1600,47.0000,47.0800,333200
1418660042,47.0601,47.1300,47.0450,47.1200,226200
1418660398,46.9967,47.0690,46.9450,47.0690,418900
1418660640,46.9200,47.0300,46.9100,46.9901,268700
1418660999,46.9200,46.9400,46.8210,46.9200,360500
1418661240,46.9450,47.0000,46.8900,46.9100,277100
1418661599,46.9100,46.9600,46.8500,46.9500,442700
1418661898,46.9700,47.0000,46.8200,46.9000,644500
1418662199,46.9600,47.0600,46.9300,46.9700,441200
1418662440,46.8400,47.0000,46.8400,46.9600,260700
1418662799,46.8310,46.9400,46.8300,46.8500,502200
1418663042,46.9830,46.9900,46.8301,46.8350,420800
1418663398,46.9500,47.0700,46.9300,46.9816,267000
1418663640,46.9600,46.9950,46.9350,46.9500,201500
1418663998,46.8450,46.9800,46.8200,46.9600,237800
1418664299,46.9150,46.9300,46.8300,46.8400,248800
1418664540,46.9845,47.0400,46.9200,46.9200,282800
1418664840,46.9100,47.0000,46.8900,46.9800,170300
1418665199,47.0400,47.0700,46.8900,46.9067,255200
1418665440,47.0100,47.0699,46.9700,47.0400,185700
1418665741,47.0250,47.0558,46.9700,47.0100,83000
1418666098,47.0000,47.0700,46.9200,47.0200,201700
1418666397,47.0200,47.0800,46.9930,46.9930,178000
1418666640,47.0300,47.0850,47.0100,47.0200,170000
1418666947,46.9400,47.0550,46.9300,47.0300,143100
1418667299,46.8000,46.9800,46.7700,46.9300,340400
1418667597,46.8600,46.8800,46.8000,46.8000,147900
1418667840,46.8900,46.9600,46.8400,46.8600,131800
1418668198,46.7950,46.9000,46.7900,46.9000,166400
1418668497,46.7650,46.7900,46.7300,46.7900,385100
1418668740,46.8200,46.8690,46.7650,46.7700,143700
1418669099,46.8100,46.8650,46.7850,46.8200,122400
1418669399,46.7000,46.8100,46.6800,46.8100,220900
1418669645,46.7750,46.7900,46.6800,46.7100,170400
1418669999,46.7700,46.8000,46.7400,46.7750,99900
1418670241,46.7430,46.8200,46.7270,46.7600,142200
1418670599,46.7200,46.7450,46.6300,46.7400,251900
1418670896,46.6800,46.7550,46.6410,46.7200,168700
1418671199,46.7100,46.7450,46.6600,46.6800,150100
1418671499,46.7800,46.8000,46.6800,46.7050,201900
1418671742,46.8600,46.9500,46.7750,46.7800,405500
1418672099,46.8150,46.8800,46.7900,46.8600,153700
1418672340,46.8650,46.9400,46.8000,46.8150,190200
1418672641,46.7700,46.8995,46.7600,46.8790,176900
1418672999,46.7200,46.7870,46.7037,46.7700,263900
1418673299,46.7350,46.7750,46.7100,46.7200,153600
1418673599,46.7300,46.7925,46.7100,46.7390,148900
1418673840,46.7500,46.8100,46.7210,46.7350,196100
1418674141,46.7900,46.8100,46.7200,46.7600,187000
1418674440,46.7810,46.8599,46.7700,46.7900,196200
1418674741,46.7550,46.8000,46.7300,46.7900,163300
1418675095,46.7600,46.7700,46.7100,46.7501,197200
1418675398,46.6400,46.8000,46.6300,46.7600,405800
1418675640,46.5750,46.6400,46.5500,46.6400,612000
1418675998,46.7350,46.7950,46.5700,46.5750,397100
1418676299,46.7100,46.7600,46.6900,46.7400,275300
1418676540,46.7500,46.7700,46.6500,46.7100,471100
1418676841,46.8100,46.8300,46.7200,46.7500,556000
1418677199,46.6600,46.8600,46.6600,46.8150,1217500
1418677200,46.6700,46.6700,46.6700,46.6700,5171000
1418740440,45.7300,45.9100,45.5200,45.5600,0
1418740798,45.7700,45.8700,45.7300,45.7450,997800
1418741099,45.8700,45.9900,45.7800,45.7800,812300
1418741399,45.8500,45.9100,45.7800,45.8700,452900
1418741699,45.6600,45.8850,45.6299,45.8400,789900
1418741997,45.8050,45.8300,45.6500,45.6600,745500
1418742298,45.8000,45.8800,45.7900,45.7950,1515200
1418742599,45.7650,45.8900,45.6950,45.8300,437300
1418742899,45.6000,45.7700,45.5950,45.7679,592300
1418743199,45.8400,45.8600,45.5900,45.6000,1162900
1418743499,45.9500,45.9750,45.7900,45.8390,837800
1418743797,45.9000,45.9600,45.8400,45.9500,324100
1418744099,45.7900,45.9000,45.7800,45.8800,934000
1418744340,45.8450,45.8450,45.7700,45.7860,346400
1418744643,45.8200,45.8400,45.7500,45.8400,270700
1418744999,45.7750,45.8600,45.7650,45.8250,483000
1418745243,45.8050,45.8050,45.7300,45.7750,403100
1418745598,45.8500,45.8650,45.8000,45.8000,678000
1418745899,45.8400,45.8950,45.8090,45.8500,544000
1418746140,45.8000,45.8800,45.7955,45.8400,284600
1418746499,45.8600,45.8750,45.8001,45.8050,320000
1418746799,45.9200,45.9350,45.8500,45.8600,476400
1418747099,45.9210,45.9500,45.9000,45.9250,379800
1418747399,46.0800,46.1400,45.9100,45.9300,1307400
1418747699,46.3000,46.3200,46.0800,46.0900,1279400
1418747999,46.0700,46.3400,46.0600,46.3000,832900
1418748299,46.1170,46.1400,46.0500,46.0700,385000
1418748599,46.0650,46.1200,46.0450,46.1200,592200
1418748898,46.0600,46.0900,46.0300,46.0600,324100
1418749199,46.0100,46.0600,45.9900,46.0530,348400
1418749498,46.0400,46.0700,46.0000,46.0100,302000
1418749740,46.0500,46.0600,46.0150,46.0400,140200
1418750043,46.0300,46.1000,46.0300,46.0500,211500
1418750340,46.1600,46.1900,46.0390,46.0390,388000
1418750697,46.0400,46.1600,46.0200,46.1600,226400
1418750999,46.0700,46.0900,46.0250,46.0400,141100
1418751293,46.0750,46.0900,46.0200,46.0650,290000
1418751594,46.1000,46.1400,46.0700,46.0700,234500
1418751840,46.0600,46.1200,46.0500,46.1000,223500
1418752142,45.9600,46.0500,45.9300,46.0500,312200
1418752443,45.9250,45.9860,45.8700,45.9500,309000
1418752740,45.8900,45.9550,45.8900,45.9300,188000
1418753040,45.9300,45.9650,45.8800,45.8800,319700
1418753399,45.8800,45.9500,45.8600,45.9330,206900
1418753699,45.7500,45.8800,45.6900,45.8800,546500
1418753940,45.7700,45.8432,45.6728,45.7400,381800
1418754243,45.7000,45.8000,45.7000,45.7600,313800
1418754599,45.7500,45.7700,45.6500,45.6700,317200
1418754895,45.7100,45.7600,45.6300,45.7500,367200
1418755198,45.8650,45.8700,45.7200,45.7200,235900
1418755440,46.0200,46.0500,45.8400,45.8600,456700
1418755744,45.9410,46.0400,45.9100,46.0200,427500
1418756097,45.9850,46.0900,45.9450,45.9450,450000
1418756399,45.8801,45.9900,45.8600,45.9800,350600
1418756699,45.8550,45.9400,45.8400,45.8800,159800
1418756997,45.9310,45.9700,45.8500,45.8550,308500
1418757298,45.9300,45.9800,45.8800,45.9400,201100
1418757540,45.8600,45.9300,45.7800,45.9201,227200
1418757847,45.8499,45.9200,45.8250,45.8600,197000
1418758199,45.8370,45.8700,45.8100,45.8400,161100
1418758499,45.8099,45.9000,45.8000,45.8300,156100
1418758795,45.7700,45.8201,45.7300,45.8100,321600
1418759098,45.7700,45.8600,45.7536,45.7800,226900
1418759399,45.7200,45.7750,45.7000,45.7750,232000
1418759698,45.6400,45.7200,45.6200,45.7200,341200
1418759941,45.6613,45.6700,45.5900,45.6400,453700
1418760299,45.7070,45.7500,45.6050,45.6700,293600
1418760543,45.6300,45.7200,45.5700,45.6900,355100
1418760840,45.5500,45.6500,45.4950,45.6300,558500
1418761141,45.5810,45.6000,45.5300,45.5450,431400
1418761440,45.5550,45.6400,45.5300,45.5900,404000
1418761799,45.6050,45.6400,45.5300,45.5600,686300
1418762099,45.6800,45.7300,45.5700,45.6000,647300
1418762399,45.5400,45.6900,45.5300,45.6900,683800
1418762640,45.3100,45.5500,45.2900,45.5350,901600
1418762999,45.3225,45.4100,45.2700,45.2900,1210100
1418763298,45.3000,45.3200,45.2100,45.3100,2170800
1418763599,45.1600,45.3000,45.1500,45.2900,3269100
1418763600,45.1600,45.1600,45.1600,45.1600,3803900
1418826899,45.0100,45.1800,44.9000,45.0700,0
1418827140,45.3100,45.3500,44.9750,45.0010,637900
1418827441,45.3200,45.4600,45.2700,45.3100,412000
1418827799,45.2850,45.4100,45.2800,45.3200,425400
1418828099,45.2700,45.3800,45.2500,45.2800,594200
1418828399,45.1799,45.2800,45.1210,45.2701,495700
1418828699,45.1500,45.2700,45.0900,45.1700,563000
1418828999,45.0150,45.1500,44.9999,45.1500,472200
1418829240,45.2000,45.2100,45.0150,45.0200,441300
1418829597,45.2201,45.2300,45.0600,45.1900,296500
1418829840,45.1500,45.2400,45.1200,45.2300,215000
1418830199,45.1000,45.1700,45.0900,45.1500,202300
1418830499,45.1400,45.2000,45.0700,45.1000,316300
1418830799,45.1100,45.1600,45.0800,45.1500,239400
1418831099,45.1218,45.1700,45.0800,45.1200,311000
1418831341,45.1500,45.1900,45.1200,45.1201,276100
1418831698,45.0800,45.1700,45.0550,45.1500,259200
1418831940,45.0600,45.1600,45.0500,45.0800,324100
1418832298,45.1400,45.1500,45.0500,45.0600,235000
1418832544,45.1700,45.1900,45.1300,45.1450,211800
1418832899,45.1050,45.1900,45.1050,45.1750,200400
1418833198,45.2450,45.2600,45.0600,45.1050,222300
1418833499,45.3200,45.3400,45.2100,45.2400,345300
1418833799,45.2500,45.3500,45.2500,45.3382,261300
1418834099,45.1800,45.2900,45.1700,45.2500,343900
1418834341,45.4300,45.4400,45.1750,45.1800,617300
1418834698,45.4450,45.4800,45.4100,45.4300,517600
1418834999,45.4600,45.5550,45.4400,45.4450,345000
1418835242,45.4900,45.4900,45.4000,45.4500,200500
1418835540,45.6200,45.6700,45.4700,45.4850,478300
1418835843,45.5100,45.6200,45.4800,45.6200,211300
1418836199,45.4967,45.5050,45.4500,45.5046,255200
1418836497,45.4500,45.5200,45.4432,45.4901,120300
1418836797,45.4350,45.4800,45.4220,45.4450,117400
1418837099,45.3900,45.4700,45.3900,45.4350,183300
1418837399,45.3600,45.4000,45.3250,45.3900,357300
1418837699,45.3900,45.4200,45.3600,45.3600,131700
1418837999,45.2800,45.4000,45.2800,45.3950,156800
1418838240,45.2400,45.2900,45.1900,45.2800,337700
1418838598,45.2400,45.2700,45.2100,45.2250,166800
1418838898,45.3266,45.3900,45.2400,45.2478,323100
1418839141,45.3600,45.3700,45.2900,45.3250,190700
1418839442,45.3350,45.4050,45.3300,45.3600,167100
1418839799,45.2900,45.3550,45.2800,45.3400,272200
1418840040,45.3200,45.3350,45.2600,45.3000,381300
1418840399,45.2900,45.3450,45.2800,45.3250,106300
1418840646,45.2700,45.3300,45.2700,45.3000,129200
1418840999,45.3600,45.3600,45.2600,45.2700,130800
1418841299,45.3300,45.3700,45.3200,45.3600,302500
1418841594,45.3300,45.3499,45.3000,45.3300,175300
1418841898,45.3950,45.4000,45.3250,45.3350,77200
1418842141,45.3350,45.4050,45.3000,45.3950,218300
1418842499,45.3150,45.3900,45.3120,45.3300,103900
1418842797,45.4400,45.4400,45.3000,45.3142,152000
1418843099,45.6950,45.9000,45.3800,45.4300,972500
1418843341,45.7200,45.8100,45.6200,45.7500,711400
1418843698,45.8500,45.9200,45.6700,45.7200,425700
1418843941,45.7190,45.8450,45.6800,45.8450,252500
1418844299,45.7000,45.7200,45.6000,45.7200,266200
1418844540,45.7000,45.7800,45.6800,45.7000,272100
1418844899,45.7101,45.7500,45.5710,45.7100,356000
1418845197,45.8200,45.8600,45.7050,45.7100,356900
1418845440,45.6300,45.8250,45.5500,45.8250,754700
1418845798,45.5700,45.6700,45.5000,45.6400,377000
1418846099,45.7350,45.7400,45.5150,45.5800,253600
1418846340,45.5700,45.7500,45.5400,45.7500,321700
1418846642,45.4350,45.5740,45.3800,45.5700,692800
1418846998,45.4300,45.5200,45.4100,45.4300,329800
1418847299,45.5700,45.5700,45.4300,45.4300,220100
1418847599,45.6100,45.6250,45.5200,45.5700,252000
1418847840,45.6300,45.6886,45.5850,45.6200,390600
1418848198,45.8000,45.8000,45.6130,45.6300,274100
1418848497,45.7299,45.8200,45.7000,45.8050,551100
1418848799,45.7650,45.7900,45.6850,45.7200,351400
1418849098,45.8450,45.8850,45.7600,45.7600,558400
1418849396,45.8500,45.9400,45.8050,45.8400,562500
1418849699,45.7000,45.8700,45.7000,45.8600,769700
1418849940,45.7300,45.7500,45.7000,45.7100,1162400
1418850000,45.7400,45.7400,45.7400,45.7400,4948600
1418913299,46.4000,46.6650,46.3400,46.5800,0
1418913596,46.5700,46.5790,46.3900,46.3950,612400
1418913899,46.6300,46.7300,46.5550,46.5600,676800
1418914197,46.5400,46.6350,46.5200,46.6200,502500
1418914499,46.5600,46.6310,46.5500,46.5500,400400
1418914799,46.6950,46.7300,46.5500,46.5660,479200
1418915040,46.7800,46.8300,46.6500,46.6850,970500
1418915340,46.8300,46.8900,46.7500,46.7800,541300
1418915699,46.9400,46.9900,46.8300,46.8400,665800
1418915998,46.9730,47.0400,46.9000,46.9400,578100
1418916298,46.9200,47.0100,46.8900,46.9700,506800
1418916540,46.8900,46.9400,46.8100,46.9299,329600
1418916842,46.8500,46.9050,46.8300,46.8950,339800
1418917141,47.0100,47.0300,46.8400,46.8500,425000
1418917499,47.0310,47.0400,46.9300,47.0100,314700
1418917798,47.1350,47.1600,47.0050,47.0300,516600
1418918099,47.1100,47.1900,47.0800,47.1450,430800
1418918396,47.0950,47.1600,47.0950,47.1100,294400
1418918698,47.0200,47.0800,46.9400,47.0800,388100
1418918940,46.8300,47.0400,46.8300,47.0200,426800
1418919299,46.8488,46.8600,46.7900,46.8300,214200
1418919599,47.0100,47.0200,46.8300,46.8400,323900
1418919899,46.9750,47.0500,46.9600,47.0100,371000
1418920199,46.9138,47.0000,46.9000,46.9800,330400
1418920499,46.9600,46.9600,46.8801,46.9150,134300
1418920740,46.8900,46.9700,46.8800,46.9550,262300
1418921099,46.9700,46.9900,46.8600,46.8900,359900
1418921397,46.9710,47.0000,46.9534,46.9700,244300
1418921698,46.9800,47.0000,46.9250,46.9710,419900
1418921998,47.0800,47.0900,46.9700,46.9800,232100
1418922240,47.0300,47.0800,46.9970,47.0800,151700
1418922599,47.0072,47.0800,47.0000,47.0300,288300
1418922841,47.0400,47.0800,47.0000,47.0000,198700
1418923199,47.0300,47.0650,47.0050,47.0400,160100
1418923496,47.0000,47.0300,46.9700,47.0300,178300
1418923799,47.0450,47.0699,46.9910,46.9950,619300
1418924099,47.0523,47.0600,47.0100,47.0500,224100
1418924399,47.0850,47.0900,47.0200,47.0600,155000
1418924697,47.1200,47.1470,47.0600,47.0800,306800
1418924999,47.1700,47.1800,47.0800,47.1199,359900
1418925244,47.1630,47.1900,47.1500,47.1733,193700
1418925540,47.1700,47.2000,47.1500,47.1635,184000
1418925899,47.1200,47.1850,47.0900,47.1850,203900
1418926153,47.1300,47.1600,47.1100,47.1300,143500
1418926499,47.1050,47.1600,47.1000,47.1300,182000
1418926799,47.0500,47.1100,46.8500,47.1100,357300
1418927099,47.2200,47.2400,47.0400,47.0500,652200
1418927398,47.2170,47.2800,47.1800,47.2300,418500
1418927697,47.2100,47.2300,47.1800,47.2100,324900
1418927940,47.2200,47.2400,47.2000,47.2050,164500
1418928241,47.2300,47.2700,47.1950,47.2150,320400
1418928540,47.2500,47.2700,47.2000,47.2350,151200
1418928852,47.2900,47.3000,47.2400,47.2550,176100
1418929199,47.2700,47.2999,47.2650,47.2850,222100
1418929499,47.2400,47.2750,47.2000,47.2600,268400
1418929798,47.2100,47.2500,47.1700,47.2350,241200
1418930041,47.2500,47.2500,47.1850,47.2100,207900
1418930340,47.2800,47.2850,47.2032,47.2500,269800
1418930697,47.2790,47.3400,47.2600,47.2899,243000
1418930999,47.3200,47.3500,47.2700,47.2700,206500
1418931299,47.3300,47.3600,47.2300,47.3150,355100
1418931543,47.3200,47.3700,47.2650,47.3300,464500
1418931840,47.2950,47.3200,47.2500,47.3200,223000
1418932199,47.1900,47.3300,47.1600,47.2960,288800
1418932499,47.2300,47.2500,47.1801,47.1900,267600
1418932797,47.2299,47.2800,47.2000,47.2300,247700
1418933099,47.2601,47.2750,47.1900,47.2300,287300
1418933399,47.2800,47.3200,47.2650,47.2699,553600
1418933641,47.3300,47.3350,47.2500,47.2700,396400
1418933999,47.2900,47.3300,47.2700,47.3300,321500
1418934242,47.2230,47.3000,47.2000,47.2900,461600
1418934597,47.1950,47.2400,47.1800,47.2200,495600
1418934898,47.1600,47.2200,47.1400,47.1700,761400
1418935197,47.1842,47.2300,47.1500,47.1510,586400
1418935499,47.2700,47.2900,47.1800,47.1800,516700
1418935741,47.2800,47.2900,47.2200,47.2700,839500
1418936099,47.4650,47.4700,47.2850,47.2900,1720800
1418936340,47.5100,47.5100,47.3900,47.4600,9464900
1418936400,47.5200,47.5200,47.5200,47.5200,0
1418999699,47.5200,47.6900,47.1700,47.5900,0
1418999999,47.6000,47.6500,47.4900,47.5200,431700
1419000297,47.5400,47.6500,47.4400,47.6000,474900
1419000599,47.6901,47.7000,47.5100,47.5350,548300
1419000899,47.6350,47.7600,47.5700,47.7000,502300
1419001141,47.8850,47.8900,47.6400,47.6400,463700
1419001499,47.8500,47.9100,47.7300,47.8950,530100
1419001798,47.8900,47.9100,47.8300,47.8500,420200
1419002097,47.8300,47.9000,47.8000,47.8900,369300
1419002399,47.8100,47.8700,47.7600,47.8200,283400
1419002697,47.8100,47.8300,47.7700,47.8100,209000
1419002998,47.8900,47.8900,47.8000,47.8100,223900
1419003240,47.7500,47.9000,47.7200,47.8950,284100
1419003597,47.7720,47.7900,47.7300,47.7540,200600
1419003841,47.8349,47.8750,47.7800,47.7800,264700
1419004199,47.7000,47.8400,47.7000,47.8400,188000
1419004498,47.7800,47.7900,47.6600,47.7056,290800
1419004798,47.8450,47.8500,47.7700,47.7730,303800
1419005098,47.8290,47.8500,47.7700,47.8400,291000
1419005398,47.8200,47.8700,47.8200,47.8200,200900
1419005640,47.9100,47.9100,47.8100,47.8300,232700
1419005998,47.9100,47.9800,47.8700,47.9050,261400
1419006240,47.8850,47.9600,47.8800,47.9100,243200
1419006542,47.9800,47.9900,47.8700,47.8966,378900
1419006899,47.8700,47.9800,47.8500,47.9800,340200
1419007141,47.8500,47.9000,47.8500,47.8800,180000
1419007499,47.8799,47.9200,47.8500,47.8700,199600
1419007741,47.9100,47.9100,47.8600,47.8825,165500
1419008097,47.9147,47.9400,47.8800,47.9200,157000
1419008398,47.9000,47.9400,47.9000,47.9150,199700
1419008641,47.8900,47.9000,47.8200,47.8900,203100
1419008941,47.8850,47.9000,47.8300,47.9000,186900
1419009241,47.8400,47.8865,47.8400,47.8865,176400
1419009599,47.8500,47.9100,47.8500,47.8500,202800
1419009844,47.7700,47.8600,47.7500,47.8500,293700
1419010140,47.8199,47.8400,47.7650,47.7655,214400
1419010441,47.7900,47.8300,47.7600,47.8200,127200
1419010741,47.8000,47.8100,47.7500,47.8000,185800
1419011098,47.7900,47.8300,47.7600,47.7900,200200
1419011398,47.7800,47.8100,47.7600,47.7900,227000
1419011698,47.8300,47.8500,47.7800,47.7810,209500
1419011998,47.7700,47.8400,47.7600,47.8300,200200
1419012299,47.7600,47.8000,47.7600,47.7700,149500
1419012597,47.7750,47.7800,47.7300,47.7600,210700
1419012841,47.7500,47.7800,47.7400,47.7750,189200
1419013143,47.8100,47.8100,47.7450,47.7500,151100
1419013445,47.8000,47.8300,47.7803,47.8100,162100
1419013796,47.8100,47.8400,47.8000,47.8000,168900
1419014098,47.8300,47.8500,47.7700,47.8200,198200
1419014399,47.8000,47.8450,47.7500,47.8300,161500
1419014699,47.8650,47.8650,47.7600,47.8050,273100
1419014999,47.8500,47.8700,47.8100,47.8600,169700
1419015299,47.8500,47.8700,47.8400,47.8550,241100
1419015599,47.8211,47.8550,47.7910,47.8500,213600
1419015899,47.7800,47.8300,47.7700,47.8200,183300
1419016199,47.8600,47.8750,47.7670,47.7800,221800
1419016497,47.8700,47.9500,47.8550,47.8750,179000
1419016740,47.8631,47.8900,47.8500,47.8800,100100
1419017097,47.8750,47.8800,47.8400,47.8600,147400
1419017341,47.8500,47.9000,47.8300,47.8750,158600
1419017699,47.8650,47.8900,47.8450,47.8600,131500
1419017999,47.8650,47.8750,47.8200,47.8700,204400
1419018299,47.8750,47.8800,47.8400,47.8700,297600
1419018594,47.8800,47.9400,47.8400,47.8710,326800
1419018840,47.9700,47.9800,47.8900,47.8900,281000
1419019198,47.9900,48.0050,47.9345,47.9601,308900
1419019498,47.9750,48.0100,47.9500,48.0000,280100
1419019798,47.9700,47.9900,47.9050,47.9800,288600
1419020041,48.0100,48.0400,47.9100,47.9700,403200
1419020344,48.0000,48.0300,47.9900,48.0099,269800
1419020699,47.9801,48.0300,47.9750,48.0050,277800
1419020942,48.0299,48.0300,47.9500,47.9900,283900
1419021297,48.0300,48.0550,48.0000,48.0200,512300
1419021598,48.0520,48.1000,48.0200,48.0300,475200
1419021840,48.0301,48.1000,47.9900,48.0600,699400
1419022197,47.9900,48.0600,47.9700,48.0400,596400
1419022499,47.7550,47.9900,47.7500,47.9900,1762200
1419022799,47.6400,47.8000,47.4850,47.7510,3534900
1419022800,47.5901,47.6600,47.5901,47.6600,0
