20131216,388.9700,391.7000,385.0000,385.0300,2251700
20131217,387.6500,391.3600,386.5000,390.6500,2343900
20131218,395.9600,396.3000,383.1000,389.2300,3489100
20131219,395.1900,397.2900,392.6000,394.2700,2427200
20131220,402.2000,404.7200,395.7800,396.5500,5033900
20131223,402.9200,405.0000,399.2000,403.6900,2659500
20131224,399.2000,403.7200,396.3700,402.5200,1380400
20131226,404.3900,404.5200,396.8100,401.7900,1868500
20131227,398.0800,405.6300,396.2500,404.6500,1986900
20131230,393.3700,399.9200,392.4500,399.4100,2487100
20131231,398.7900,398.8300,393.8000,394.5800,1996500
20140102,397.9700,399.3600,394.0200,398.8000,2137800
20140103,396.4400,402.7100,396.2200,398.2900,2210200
20140106,393.6300,397.0000,388.4200,395.8500,3170600
20140107,398.0300,398.4700,394.2900,395.0400,1916000
20140108,401.9200,403.0000,396.0400,398.4700,2316500
20140109,401.0100,406.8900,398.4400,403.7100,2103000
20140110,397.6600,403.7600,393.8000,402.5300,2679500
20140113,390.9800,399.7800,388.4500,397.9800,2844900
20140114,397.5400,398.6300,391.2900,392.1300,2340100
20140115,395.8700,399.3100,392.5300,398.9400,2678300
20140116,395.8000,399.2900,389.4100,393.6800,2601200
20140117,399.6100,403.4900,393.6600,394.2600,4505100
20140121,407.0500,407.8000,401.6000,403.0000,3122100
20140122,404.5400,408.0600,402.0000,408.0000,2060500
20140123,399.8700,406.1700,397.7900,401.0000,3025400
20140124,387.6000,400.2000,387.2700,398.1600,4458400
20140127,386.2800,394.1000,380.4900,390.5000,3936800
20140128,394.4300,394.7400,387.1200,387.4000,2894500
20140129,384.2000,392.8500,383.2400,392.1600,3382300
20140130,403.0100,406.2500,387.7000,393.7700,10473900
20140131,358.6900,375.4500,357.7600,371.7600,16154800
20140203,346.1500,360.8500,340.1000,358.9800,10280800
20140204,347.9500,354.0000,344.0200,349.5900,4812900
20140205,346.4500,349.3700,337.7300,346.0000,4435400
20140206,354.5900,354.8200,347.4000,347.4000,3335700
20140207,361.0800,361.8000,352.4900,358.9800,4330500
20140210,360.8700,365.0000,359.3500,361.6100,3449700
20140211,361.7900,363.6100,356.2500,361.8400,3222100
20140212,349.2500,357.7500,346.3200,356.4300,6587700
20140213,357.2000,357.2000,346.5000,347.7000,4175000
20140214,357.3500,359.3400,353.3500,359.3400,3520200
20140218,353.6500,355.7300,349.4500,355.2800,4998000
20140219,347.3800,354.5400,346.1000,352.6400,4168100
20140220,349.8000,350.4600,344.3800,348.8000,3492800
20140221,346.7600,354.1400,346.7500,352.4400,4210000
20140224,351.7800,353.0000,343.2900,345.1900,3644700
20140225,358.3200,361.0800,351.5800,353.0000,3736400
20140226,359.8000,364.7500,357.1700,359.8600,3622100
20140227,360.1300,360.5900,355.5000,357.2200,3104900
20140228,362.1000,365.8700,357.0800,360.6000,3882000
20140303,359.7800,360.9600,354.4800,358.7400,2798300
20140304,363.9000,365.6800,362.4600,363.9000,2704400
20140305,372.3700,372.7300,363.9000,364.1300,3848300
20140306,372.1600,375.3300,368.9000,374.0500,2926600
20140307,372.0600,374.9900,369.5300,374.5800,2279800
20140310,370.5300,372.7300,367.0000,372.6900,2105800
20140311,368.8200,372.8000,367.2800,370.9900,2246100
20140312,370.6400,371.1600,363.6100,366.4000,2216600
20140313,371.5100,383.1100,368.0800,376.6200,6829000
20140314,373.7400,378.5700,371.5500,372.8000,4402200
20140317,375.0400,378.8500,374.8800,375.7200,2303000
20140318,378.7700,379.0000,375.0000,377.3200,2483500
20140319,373.2300,379.0000,369.4200,378.7700,2646700
20140320,368.9700,373.0000,366.2200,370.6400,2558500
20140321,360.6200,372.8400,358.4000,371.0000,5414100
20140324,351.8500,361.5000,348.6000,360.0900,4873500
20140325,354.7100,358.9700,348.8400,354.0300,4445700
20140326,343.4100,357.6000,343.4000,357.1300,4120700
20140327,338.4700,344.0000,330.8800,343.1500,5766400
20140328,338.2900,347.0000,336.0800,340.0500,3986800
20140331,336.3700,346.2900,334.0600,342.4000,4297500
20140401,342.9900,344.4300,338.0000,338.0900,3600100
20140402,341.9600,348.3000,340.3800,345.9900,4475500
20140403,333.6200,342.5000,328.4600,341.8200,6399300
20140404,323.0000,335.4400,315.6100,335.1500,12534600
20140407,317.7600,324.9400,313.1300,320.9900,7077400
20140408,327.0700,328.0000,318.4400,321.8800,6577600
20140409,331.8100,332.1800,322.5000,328.4700,5056600
20140410,317.1100,331.0000,316.5000,330.6000,6126700
20140411,311.7300,316.5000,309.5000,314.0000,7287500
20140414,315.9100,320.4800,311.2800,317.6700,4293500
20140415,316.0800,318.2800,305.5000,316.7000,5398600
20140416,323.6800,324.0000,314.7100,321.1700,4284900
20140417,324.9100,328.6600,319.7600,319.7600,4299200
20140421,330.8700,331.1500,322.3100,323.9700,2999400
20140422,329.3200,337.5000,328.9400,332.0000,3711600
20140423,324.5800,333.1300,323.3900,333.0600,3604600
20140424,337.1500,337.4000,322.9500,329.6700,9293700
20140425,303.8300,316.4900,302.7100,316.2500,16180200
20140428,296.5800,304.3900,288.0000,304.0000,14479800
20140429,300.3800,301.8400,290.4500,296.4400,6509300
20140430,304.1300,304.5600,298.1000,298.1000,4088600
20140501,307.8900,310.4800,304.0000,304.1300,4328600
20140502,308.0100,313.2900,304.3100,310.4200,3995100
20140505,310.0500,310.2300,305.0000,306.3700,2519900
20140506,297.3800,309.8100,297.0400,309.5300,4682300
20140507,292.7100,296.4000,286.6800,295.5600,7015200
20140508,288.3200,295.8800,287.2300,290.8200,3848200
20140509,292.2400,293.6800,284.3800,290.5700,4063000
20140512,302.8600,303.3400,294.1600,294.3000,3729600
20140513,304.6400,305.6000,300.7500,302.6000,3509900
20140514,297.6200,304.6400,296.6600,302.5000,3323300
20140515,295.1900,299.2000,290.3800,298.0200,4295100
20140516,297.7000,298.8800,291.5500,292.8000,3636800
20140519,296.7600,299.0000,293.8100,295.7600,2284200
20140520,301.1900,304.4600,296.7500,297.1000,4095700
20140521,305.0100,305.9600,301.5200,302.2100,3408800
20140522,304.9100,308.5400,303.0100,305.0500,2576800
20140523,312.2400,312.3500,304.9000,305.4600,3052900
20140527,310.8200,314.6300,307.3800,314.4100,4862100
20140528,310.1600,313.8200,307.4200,309.5000,2726000
20140529,313.7800,314.8700,310.2000,310.4200,2365500
20140530,312.5500,314.6500,307.5700,314.4300,4260200
20140602,308.8400,312.6000,307.0000,312.5900,2203400
20140603,307.1900,307.9200,305.0700,305.7500,2379200
20140604,306.7800,309.5000,303.8400,306.8500,2107100
20140605,323.5700,327.9400,306.9000,308.1000,7796700
20140606,329.6700,330.8800,324.9300,325.0000,5244000
20140609,327.5000,333.0000,325.6500,331.5700,3212200
20140610,332.4100,335.5000,327.5000,327.6500,3663400
20140611,335.2000,340.7200,333.8800,336.0000,4436800
20140612,325.9100,335.5500,324.6600,335.5500,4276300
20140613,326.2700,329.3000,323.5300,327.0500,2764800
20140616,327.6200,328.6900,323.5200,324.8600,2449800
20140617,325.6200,331.3400,325.2300,327.5400,2924100
20140618,334.3800,335.7500,325.0000,328.0000,6401500
20140619,327.0000,338.9000,325.9800,335.2600,5320600
20140620,324.2000,328.2200,320.4200,327.7600,6054000
20140623,327.2400,327.5500,321.4100,323.3300,2604800
20140624,324.1600,329.7300,322.7400,327.5400,2626600
20140625,327.4400,328.1500,321.7400,324.3300,2327800
20140626,325.6900,328.6500,322.1300,328.4900,2699500
20140627,324.5700,326.5200,323.2700,325.8800,2416200
20140630,324.7800,326.9800,322.2400,324.9800,2671300
20140701,332.3900,333.2000,325.1000,325.8600,3173600
20140702,332.8500,336.7600,331.6600,333.2000,2681300
20140703,337.4900,338.3000,333.0800,334.8300,1944300
20140707,333.5500,337.5500,332.5200,337.5000,2128900
20140708,323.8100,333.7400,321.4000,333.1000,4271600
20140709,329.9700,330.2000,323.1500,324.7100,3166100
20140710,327.9200,329.9800,322.6500,324.3400,2665000
20140711,346.2000,347.0000,334.7100,334.7100,8300800
20140714,355.3200,355.7700,345.3600,347.0300,5609900
20140715,354.4400,355.5900,349.4000,353.7200,4170900
20140716,355.9000,359.3200,353.0000,355.6200,3503600
20140717,352.4500,356.9600,351.3800,353.4400,3636000
20140718,358.6600,359.6800,352.0800,354.4000,3407400
20140721,359.7600,361.7100,356.7200,358.1000,2278400
20140722,360.8400,362.9300,355.2500,355.2500,2888900
20140723,358.1400,360.6300,356.6200,359.0500,2687300
20140724,358.6100,364.8500,358.5200,359.9800,7088700
20140725,324.0100,324.8700,314.7600,317.3000,17846500
20140728,320.4100,324.8200,316.5000,324.2500,5932000
20140729,320.0000,322.9000,319.5000,321.9800,2883800
20140730,322.5100,322.7300,318.5000,321.4500,3969000
20140731,312.9900,320.6800,311.8600,320.0100,5192000
20140801,307.0600,315.8300,304.5900,313.6900,7441500
20140804,313.6500,316.1800,308.5000,308.8400,4200900
20140805,312.3200,314.5500,310.0600,313.3000,2852100
20140806,313.8900,315.7800,310.2000,310.8300,2296900
20140807,311.4500,315.8800,309.6500,315.2100,2935600
20140808,316.8000,317.3200,310.6600,311.9400,2705900
20140811,318.3300,320.3800,316.8800,318.4800,2468600
20140812,319.3200,321.3100,316.9500,318.8900,1915800
20140813,326.2800,331.7200,326.1400,327.6000,4945100
20140814,333.2100,334.0900,326.7100,327.8000,3420400
20140815,333.6300,335.0000,328.3200,334.0000,3896700
20140818,334.5300,337.8000,333.7700,335.4800,2485400
20140819,335.1300,335.8100,333.0100,334.8700,1713800
20140820,335.7800,337.1600,334.0200,334.6800,1810500
20140821,332.9100,336.5800,332.2300,336.4800,1971100
20140822,331.5900,334.0800,330.8000,332.9900,2211200
20140825,334.0200,336.7700,332.7100,333.2100,1957700
20140826,341.8300,344.3600,334.5500,337.0000,3654700
20140827,343.1800,346.6700,341.3400,342.0900,2961600
20140828,340.0200,341.7900,338.8000,340.0000,2252700
20140829,339.0400,341.8200,337.6800,341.7600,1939500
20140902,342.3800,342.5000,337.1600,339.9800,2326000
20140903,339.0000,343.2700,337.5500,342.5400,1993700
20140904,345.9500,349.3800,343.5800,343.6900,3965600
20140905,346.3800,346.8300,342.5000,346.3000,2107000
20140908,342.3400,345.8100,339.0400,344.5400,2955300
20140909,329.7500,341.7600,329.1800,341.6100,4646800
20140910,331.3300,334.9800,328.8200,334.3000,3797400
20140911,330.5200,333.0100,326.3900,329.9400,2720200
20140912,331.1900,332.8900,328.7900,329.5600,3429300
20140915,323.8900,331.3300,319.0000,330.9100,4000400
20140916,327.7600,329.4800,320.1000,321.0700,3259900
20140917,324.0000,328.0000,321.5200,327.7600,4136000
20140918,325.0000,327.1000,323.7100,325.4400,2576900
20140919,331.3200,332.7600,325.5700,327.6000,6886200
20140922,324.5000,329.4900,321.0600,328.4900,3109700
20140923,323.6300,327.6000,321.2500,322.4600,2352600
20140924,328.2100,329.4400,319.5600,324.1700,2642200
20140925,321.9300,328.5400,321.4000,327.9900,2928800
20140926,323.2100,323.5000,317.6400,320.6000,3638000
20140929,321.8200,323.7500,319.0000,320.5000,1924600
20140930,322.4400,323.4300,318.5100,321.3600,2636200
20141001,317.4600,322.1700,315.5500,322.0400,3089100
20141002,318.4100,318.5300,311.3100,316.9200,3553900
20141003,322.7400,325.1600,319.5300,320.3600,3037400
20141006,322.2000,324.1300,319.6000,323.5000,2290300
20141007,316.9800,322.0000,316.6700,319.4300,2365400
20141008,322.7000,324.1100,314.1400,316.5800,3452800
20141009,315.3700,322.2700,314.5200,321.4900,3587900
20141010,311.3900,317.7700,311.3800,314.0200,3681900
20141013,306.4500,313.2000,303.4700,309.8700,4363900
20141014,308.3100,312.2400,305.7500,308.0000,3385800
20141015,305.9700,307.9000,299.1000,304.3500,5343900
20141016,302.8600,306.8200,293.8300,293.8300,4731300
20141017,303.6400,309.2000,302.7200,307.1500,4405100
20141020,306.2100,306.5300,302.0200,302.9500,3234500
20141021,315.3300,315.6400,307.0700,309.9000,3559300
20141022,312.9700,318.9800,312.6400,315.4300,3125900
20141023,313.1800,316.8000,311.4000,313.4000,9038200
20141024,287.0600,293.8100,284.0000,284.4000,19801100
20141027,289.9700,290.4200,285.0200,285.7000,5950600
20141028,295.5900,298.0000,289.7600,289.7600,5572600
20141029,294.1200,299.6100,293.0700,299.1100,4881900
20141030,299.0700,299.7400,292.3600,293.9800,4048200
20141031,305.4600,305.7200,301.5000,305.1500,4550700
20141103,305.7200,308.0100,303.2400,306.2400,3242500
20141104,302.8100,304.2500,300.1700,303.9900,3427400
20141105,296.5200,304.0000,294.1600,303.0100,4674500
20141106,296.6400,297.0000,292.2900,296.6900,3758100
20141107,299.8600,299.9900,296.2900,297.8200,2647400
20141110,305.1100,305.8000,300.0000,300.0000,2804400
20141111,312.0100,312.3800,303.6500,305.9400,3803600
20141112,311.5100,312.5800,308.7900,310.7500,2181700
20141113,316.4800,317.8900,311.5100,312.0000,3685700
20141114,327.8200,332.8800,316.4000,317.1200,8876300
20141117,323.0500,328.0000,318.0300,326.4400,4784600
20141118,324.9300,329.5600,323.2500,323.9900,3549500
20141119,326.5400,328.4000,324.0200,327.2500,3280800
20141120,330.5400,332.6700,323.3300,324.0000,3435000
20141121,332.6300,338.3300,331.4700,335.4200,4466000
20141124,335.6400,337.3900,333.6000,334.7800,2753700
20141125,335.0400,336.3300,331.2800,335.2700,2561200
20141126,333.5700,334.6500,331.7500,333.7800,1983600
20141128,338.6400,341.2600,336.0300,336.0300,3051800
20141201,326.0000,340.6400,325.9300,338.1200,4918100
20141202,326.3100,327.9300,323.2500,327.5000,2783500
20141203,316.5000,326.7700,314.3600,325.7300,5681000
20141204,316.9300,318.5900,313.4700,315.5300,3290300
20141205,312.6300,316.9300,310.8400,316.8000,3257700
20141208,306.6400,316.5600,304.8200,311.5700,3625800
20141209,312.5000,313.6400,301.1400,302.9900,4027800
20141210,305.8400,313.1900,304.6800,312.0000,3229100
20141211,307.3600,312.6400,306.0100,307.8900,3263500
20141212,307.3200,310.6400,303.0100,303.9900,3153500
