20131216,53.1100,53.3000,52.0100,52.2400,13066300
20131217,52.5800,53.2400,52.0000,52.1300,15204200
20131218,53.1300,53.1800,51.5600,52.8400,13210000
20131219,53.4000,53.4300,52.4300,53.1200,10219900
20131220,54.5800,54.8000,53.3700,53.4200,17229800
20131223,55.3000,55.3200,54.6000,54.7000,13504300
20131224,55.1700,55.2300,54.7400,54.7400,5520000
20131226,54.0600,54.8100,53.7100,54.8000,10290100
20131227,54.1800,54.4800,53.7400,54.0100,6623100
20131230,54.0100,54.4900,53.8200,54.4500,6119200
20131231,54.8700,54.9700,53.9900,54.0500,6365400
20140102,53.9400,55.0000,53.9000,54.9700,9974200
20140103,53.2600,54.1900,53.1900,54.0900,9589200
20140106,51.7800,52.4600,51.2100,52.4000,17905000
20140107,52.8700,53.0300,51.9800,52.3900,14075000
20140108,52.3700,53.6200,52.1700,52.9600,13033500
20140109,52.0700,52.8100,51.8300,52.7500,10528200
20140110,52.1600,52.2000,51.1100,51.9000,20052800
20140113,52.5400,52.9100,51.7900,52.1200,19052900
20140114,52.9600,53.0900,52.3400,52.6500,12843000
20140115,53.7900,54.1600,53.1100,53.2200,13862700
20140116,53.7400,54.1600,53.6000,53.7800,11266700
20140117,53.2000,53.9300,52.9800,53.4100,22722400
20140121,54.1500,54.2000,53.5100,54.0000,15951200
20140122,54.4100,54.5100,53.7800,53.8400,35458900
20140123,54.9400,55.9000,54.0000,55.7200,61894800
20140124,54.3700,54.9500,53.8600,54.5500,24500700
20140127,52.8800,54.3100,52.7700,53.8000,22439100
20140128,53.1600,53.6200,52.8600,53.0900,12917500
20140129,52.1900,52.9500,52.0500,52.8100,16566900
20140130,53.1800,53.3500,52.4400,52.6100,16636200
20140131,53.2000,53.6200,52.3000,52.5900,12358800
20140203,52.3900,53.3400,52.1100,53.1400,16855000
20140204,52.9100,53.1400,52.4800,52.5600,10971100
20140205,53.5200,54.0400,52.0400,52.2900,16766800
20140206,54.3700,54.5300,53.5200,53.6600,15126900
20140207,54.5900,54.7400,53.8400,54.4500,9746400
20140210,53.7800,54.4800,53.4300,54.4700,9675300
20140211,54.3100,54.4300,53.4500,54.0500,11677400
20140212,54.8300,54.9000,54.1600,54.2700,11474100
20140213,54.9200,54.9500,54.1100,54.4800,11783800
20140214,54.7700,54.9300,54.0600,54.1700,9673400
20140218,55.1500,55.5300,54.5100,54.8500,9814800
20140219,54.7400,55.5000,54.6300,55.3300,9642100
20140220,54.9600,55.3100,54.7300,54.7500,7981100
20140221,54.5900,55.5100,54.5800,55.1600,10380800
20140224,56.3000,56.7300,54.8800,55.1000,18956000
20140225,56.1500,56.4900,55.6000,56.2800,10197200
20140226,57.3400,57.8000,56.1800,56.2300,18457100
20140227,58.3400,59.2700,57.1200,57.3000,21803700
20140228,58.7700,59.7000,58.3500,58.4600,16362400
20140303,58.3100,58.5700,57.4500,57.8800,10489400
20140304,59.0600,59.2700,58.7500,58.9700,9955600
20140305,58.8600,59.6500,58.8000,59.0300,9559100
20140306,59.3000,59.6500,58.8600,58.9900,12027700
20140307,59.0600,59.5500,58.6300,59.4400,9094700
20140310,58.2200,58.8900,58.0300,58.5900,9759100
20140311,57.5400,58.9400,57.4800,58.4500,10239500
20140312,57.9800,58.0600,56.9700,57.1800,8969000
20140313,56.7000,58.5800,56.4600,58.3000,12313400
20140314,56.7400,57.3000,56.4100,56.6600,8518700
20140317,57.4200,57.9000,57.0600,57.9000,8420000
20140318,57.8400,58.0600,57.2700,57.6500,6258600
20140319,57.3000,58.1700,56.9700,57.6300,7046100
20140320,57.1200,57.3600,56.6400,57.2000,7504500
20140321,56.9600,57.7500,56.7800,57.2800,11748500
20140324,56.5400,57.5100,56.1800,57.0100,8817600
20140325,56.3300,57.0500,55.7400,56.8500,8106900
20140326,55.6000,56.8400,55.4700,56.8200,7573700
20140327,55.1800,55.7600,54.2300,55.4600,9425300
20140328,55.1900,55.6400,54.7400,55.4500,8874400
20140331,55.2400,56.1600,55.2100,55.6800,7097500
20140401,56.0400,56.2000,55.3900,55.5900,7945100
20140402,55.4500,56.2500,55.2900,56.1500,9460800
20140403,54.5800,55.2300,54.2900,55.0300,11321800
20140404,54.0000,55.5000,53.8700,55.1700,15959000
20140407,52.9500,54.1300,52.8600,54.0400,16807200
20140408,54.8000,55.0100,53.3900,53.7800,18810300
20140409,55.8900,55.9600,54.8600,54.9200,10892500
20140410,54.0800,55.2500,53.9100,55.0200,29285300
20140411,53.4600,54.4700,53.3400,53.8900,12733000
20140414,53.9800,54.0700,53.3000,53.7500,12009500
20140415,53.9000,54.2400,52.9200,53.8600,10699200
20140416,54.6900,54.8700,53.9200,54.2100,7244300
20140417,54.9700,55.1700,54.4700,54.4800,7514100
20140421,54.9300,55.0000,54.3200,54.9600,5983300
20140422,55.4700,55.6200,54.5600,54.8800,7460100
20140423,54.9400,55.5700,54.6400,55.5400,6611500
20140424,54.8400,55.6000,54.4500,55.4800,7691000
20140425,53.7200,54.7900,53.4500,54.5800,9638700
20140428,53.6400,54.1200,52.9500,54.1200,9724600
20140429,54.5400,54.6600,53.3900,53.9100,13908800
20140430,51.8300,52.4000,50.8800,51.9500,32515900
20140501,51.6900,52.7500,51.6700,52.0200,12793500
20140502,52.0100,52.5300,51.7000,51.7300,12210600
20140505,52.0000,52.3500,51.5700,51.8000,10896600
20140506,50.9500,52.0700,50.8900,52.0700,14641700
20140507,50.5700,51.0400,49.7700,50.8200,19840100
20140508,50.2600,51.2100,50.0200,50.6300,13043200
20140509,50.5400,50.8700,50.3100,50.5000,14188600
20140512,51.3300,51.3800,50.7100,50.9200,12768700
20140513,51.5800,51.7700,51.2600,51.4100,12640600
20140514,51.6500,52.0800,51.5900,51.7900,11144200
20140515,51.3600,51.4700,50.6500,51.2000,12553200
20140516,51.9500,52.4800,50.9800,51.6500,18487100
20140519,52.3300,52.4600,51.6400,51.7500,8168500
20140520,51.9600,52.2200,51.6400,52.1900,6336500
20140521,51.8800,51.8800,50.3000,50.8600,17418700
20140522,51.5000,52.0600,51.1900,51.9900,12673800
20140523,52.0200,52.0400,51.5100,51.7100,7123800
20140527,51.7700,52.3200,51.7000,52.3100,10333600
20140528,50.3900,51.7900,50.3000,51.7400,18819100
20140529,50.1400,50.7900,49.9600,50.6400,16760800
20140530,50.7300,50.7900,49.8100,50.3400,15424300
20140602,50.4900,50.9400,50.3300,50.6800,7658400
20140603,50.4200,50.9200,50.2700,50.4500,8618300
20140604,50.4500,50.7500,49.9200,50.3900,6620900
20140605,50.5800,50.6600,50.0800,50.6600,12025800
20140606,49.7000,50.8800,49.5000,50.8800,21416200
20140609,49.5800,49.7300,48.5000,49.1100,22165100
20140610,48.2500,48.8100,48.1700,48.6500,35990300
20140611,48.8300,48.9000,48.1400,48.3000,15313700
20140612,48.5600,49.1200,48.5000,48.8700,13596500
20140613,49.0400,49.2700,48.6100,48.7800,9072000
20140616,49.0000,49.1700,48.7400,48.9200,7707800
20140617,49.0600,49.2200,48.7800,48.9000,8633700
20140618,49.6600,49.7400,48.8600,49.1900,9222700
20140619,49.6000,49.8000,49.5000,49.7000,11921700
20140620,49.3400,49.7500,48.9500,49.7400,18571600
20140623,49.3900,49.6600,48.9000,49.4700,9423200
20140624,48.8500,49.4900,48.7600,49.3900,11606400
20140625,49.3200,49.5000,48.6700,48.8000,8941700
20140626,49.4700,49.6700,49.0300,49.5000,8076200
20140627,50.0800,50.1800,49.4300,49.5800,11044100
20140630,50.0600,50.1900,49.8000,50.1900,10604100
20140701,50.5000,50.6700,50.0700,50.1900,8805200
20140702,50.5500,50.8000,50.5000,50.5100,9345300
20140703,50.9400,51.0800,50.6200,50.9600,4612000
20140707,50.7400,50.9800,50.6100,50.9300,7219300
20140708,50.1800,50.7700,50.0100,50.6100,13072000
20140709,50.9300,50.9300,50.0100,50.3000,8425600
20140710,50.3400,50.5400,49.7400,50.2200,8327000
20140711,51.5000,51.8300,51.0000,51.0000,13892900
20140714,51.1600,51.3100,50.6700,51.2500,9402500
20140715,50.8200,51.4900,50.5300,51.4500,9431100
20140716,50.7000,51.1800,50.5000,51.0300,13817400
20140717,51.0300,51.8400,50.8300,51.1000,21706700
20140718,51.4800,51.6400,50.5800,50.9300,12948700
20140721,51.7000,51.8600,51.0400,51.2700,9922500
20140722,52.0500,52.2900,51.7100,51.8700,10423500
20140723,52.6600,52.7200,51.8700,52.0000,13881000
20140724,53.2300,53.5000,52.5200,52.5200,16257600
20140725,52.7500,53.1000,52.5400,52.7800,11250800
20140728,52.9300,53.0900,52.2300,52.9100,9402700
20140729,53.2100,53.3800,52.7500,53.1000,12015300
20140730,53.2300,53.5800,52.7600,53.2800,9101900
20140731,52.8300,53.0600,52.6600,52.9400,11514200
20140801,52.5300,52.9100,52.1400,52.7800,12844200
20140804,53.0600,53.1300,52.2400,52.4100,11999300
20140805,53.2600,53.3200,52.8200,53.0100,10997100
20140806,53.4600,53.6900,52.8000,52.9600,10209800
20140807,53.5600,54.2500,53.4200,53.6800,10049600
20140808,54.0900,54.1700,53.1500,53.5800,10326800
20140811,53.8800,54.4400,53.7300,54.2300,7929400
20140812,53.4300,53.9300,53.1800,53.8700,7719000
20140813,52.9400,53.1500,52.5000,52.7600,12375200
20140814,52.9300,53.1600,52.8100,52.8800,9930900
20140815,52.6400,53.3800,52.5800,53.3800,13588900
20140818,53.1100,53.1700,52.8100,53.0600,8867400
20140819,53.7500,53.7600,53.1400,53.2800,8113400
20140820,53.4000,53.6700,53.2800,53.5100,7511600
20140821,55.8900,57.0500,53.5000,53.5200,50434100
20140822,55.5000,55.9800,55.2200,55.7000,11738200
20140825,55.4900,56.1200,55.3800,55.6100,6733700
20140826,56.2500,56.5000,55.4100,55.5000,8994500
20140827,55.9200,56.7100,55.7800,56.2800,7576900
20140828,55.4300,55.8600,55.0300,55.8600,9602900
20140829,55.5000,55.7600,54.9400,55.7600,8658500
20140902,54.8800,55.5900,54.6900,55.4800,11178500
20140903,54.5500,55.3100,54.3500,55.1400,8117300
20140904,54.4400,55.4500,53.9900,54.7900,13083500
20140905,53.9000,54.4100,53.3000,54.3000,16203700
20140908,54.2300,54.2800,53.4700,53.7800,9067200
20140909,52.7300,55.0000,52.4300,54.3600,20227700
20140910,51.1000,51.5500,50.5400,51.4800,31000400
20140911,50.6800,51.2800,50.5100,50.7800,16968200
20140912,52.1900,53.0700,50.0400,50.6000,42371100
20140915,50.9600,52.2900,50.7600,52.2200,12764800
20140916,51.6100,51.8800,50.5600,50.9700,13644100
20140917,51.9500,52.1400,51.4000,51.7200,11468000
20140918,52.7000,52.7300,51.7700,52.0000,12390200
20140919,52.4000,53.0600,52.3300,52.8700,20415400
20140922,52.4700,52.5000,51.8300,52.2700,9501400
20140923,52.7400,53.0400,52.1700,52.3000,11232500
20140924,52.9300,53.1900,52.6300,52.8000,8766100
20140925,52.1500,52.9300,52.0200,52.7400,7517900
20140926,52.9300,53.1400,51.9500,52.0000,7569200
20140929,52.6600,53.0100,52.3000,52.5100,6996300
20140930,56.6300,57.3000,55.9500,56.6200,77254496
20141001,55.4600,56.0800,54.9800,55.1500,24292300
20141002,54.8600,55.6200,54.3700,55.2300,12521600
20141003,54.4400,55.1900,54.1600,55.0600,9569500
20141006,53.5500,54.5500,53.4800,54.4800,9324900
20141007,52.9700,53.6800,52.9400,53.2200,9623600
20141008,54.5100,54.6700,53.2200,53.2800,15358100
20141009,52.8600,54.2200,52.8000,54.1700,8951000
20141010,51.8600,52.8400,51.8300,52.8000,9128700
20141013,50.4600,51.9300,50.3600,51.5600,9653900
20141014,50.5900,51.5000,50.3600,50.9400,12413200
20141015,50.2400,50.3200,48.9200,50.0600,16801900
20141016,47.8800,48.6900,46.3400,48.4900,38140800
20141017,47.9500,48.5800,47.9200,48.2400,13942300
20141020,49.2000,49.3600,47.9100,48.0400,12497400
20141021,50.8600,50.9700,49.5200,49.6500,13959700
20141022,50.1300,51.6100,49.9700,51.2000,13560000
20141023,50.7900,51.0700,50.3600,50.6100,10796700
20141024,51.1200,51.2800,50.5700,50.7900,6387300
20141027,51.1900,51.4900,50.9700,51.1000,6959000
20141028,51.2000,51.3500,51.0000,51.3500,8105500
20141029,51.3300,51.4100,50.7400,50.7900,7322900
20141030,51.5500,52.0000,50.9200,51.0500,6923200
20141031,52.5000,52.7300,51.9800,52.6800,8298300
20141103,52.7000,52.9500,52.2900,52.3200,6985900
20141104,53.2700,53.3300,52.3600,52.5600,7727900
20141105,53.5900,53.7500,53.3200,53.4700,10761800
20141106,53.2600,53.6500,52.9900,53.6200,5893400
20141107,53.5200,53.7300,53.1100,53.3500,5415100
20141110,53.8900,53.9400,53.2600,53.4700,5264800
20141111,54.1900,54.3600,53.4800,54.1700,7094800
20141112,54.0600,54.3500,53.3000,53.8100,6058900
20141113,54.3700,54.6200,53.9300,54.0600,7812900
20141114,54.3600,54.6100,54.0600,54.2700,4971300
20141117,54.8300,55.1000,54.3700,54.3700,7775000
20141118,55.3800,55.6600,54.7000,54.8100,6966200
20141119,54.9400,55.3300,54.2600,55.3300,6721400
20141120,54.5400,54.7200,54.3200,54.5100,5554200
20141121,54.4200,54.8500,54.2300,54.7500,8439900
20141124,54.3900,54.7000,54.2300,54.6800,6067100
20141125,54.4000,54.6900,54.2300,54.2300,6635400
20141126,54.5700,54.6800,54.3000,54.5600,3989500
20141128,54.8800,55.2000,54.5800,54.9000,2969600
20141201,54.8700,55.1200,54.4200,54.7600,6802300
20141202,55.0200,55.4000,54.5500,54.8600,5964300
20141203,54.8100,55.0300,54.5000,55.0300,5359800
20141204,54.6700,54.7500,54.4500,54.6300,5646600
20141205,54.8100,54.8900,54.5100,54.8900,5588500
20141208,55.1500,55.6400,54.7600,55.3500,13072400
20141209,55.4000,55.5100,54.5600,54.5900,10997600
20141210,55.2700,55.5900,54.9000,55.0200,16208500
20141211,56.7900,57.6300,55.3100,55.4100,23255200
20141212,55.7700,56.7800,55.7600,56.1700,9437500
